 distance P2O231NTf2_custom_CLPOL distance P2O231NTf2_LINEAR_custom_CLPOL distance P2O231TCB_custom_CLPOL distance P2O231TCB_LINEAR_custom_CLPOL distance P5551NTf2_custom_CLPOL distance P5551TCB_custom_CLPOL
 0.00800000038 9.0620626e-05 0.00949999969 0.000148820705 0.00949999969 0.00031111727 0.00999999978 0.000287290313 0.00800000038 0.000106830688 0.00850000046 0.000253893639
 0.0240000002 0.000619403669 0.0284999982 0.00101860159 0.0284999982 0.0021207924 0.0299999993 0.00203144131 0.0240000002 0.000730335189 0.0255000014 0.00181992899
 0.0399999991 0.00166368927 0.0474999957 0.00263795443 0.0474999957 0.00560069643 0.049999997 0.00536750536 0.0399999991 0.00193330331 0.0425000042 0.00489565497
 0.0560000017 0.00313500501 0.0665000007 0.00496801408 0.0665000007 0.010576034 0.0700000003 0.0101199048 0.0560000017 0.00368751376 0.0595000014 0.00915735774
 0.0720000044 0.00491118897 0.0855000019 0.00764864217 0.0855000019 0.0166474096 0.0899999961 0.0160273239 0.0720000044 0.00576348603 0.076500006 0.0145375589
 0.0879999995 0.00697319862 0.104499996 0.0106523987 0.104499996 0.0235523395 0.109999999 0.0227341186 0.0879999995 0.00811756961 0.0935000032 0.0205634311
 0.104000002 0.00904009026 0.123500004 0.0134323388 0.123500004 0.0307823475 0.129999995 0.0298256576 0.104000002 0.0105059287 0.1105 0.0269603785
 0.120000005 0.0111346189 0.142499998 0.0161628667 0.142499998 0.0380057171 0.149999991 0.0369793996 0.120000005 0.0129557103 0.127500013 0.0335115194
 0.136000007 0.0131831532 0.161499992 0.0185600128 0.161499992 0.0446529463 0.169999987 0.0438127518 0.136000007 0.0151434932 0.144500017 0.039644219
 0.15200001 0.0149586527 0.180500001 0.0203994717 0.180500001 0.0505201295 0.189999983 0.04965543 0.15200001 0.0171166379 0.161500022 0.045093365
 0.168000013 0.0164210834 0.199499995 0.0216314401 0.199499995 0.0553845353 0.209999993 0.0545651428 0.168000013 0.0187374558 0.178500012 0.0498698838
 0.184 0.0175227877 0.218499988 0.0223598219 0.218499988 0.0588191301 0.229999989 0.0581567623 0.184 0.0200192295 0.195500016 0.053382989
 0.200000003 0.0184077062 0.237499997 0.0226380322 0.237499997 0.0609320141 0.249999985 0.0606142543 0.200000003 0.0208719224 0.212500021 0.0560681112
 0.216000006 0.0189227201 0.256500006 0.0223615821 0.256500006 0.0617522821 0.270000011 0.0615086481 0.216000006 0.021243291 0.229500011 0.0573889427
 0.232000008 0.0190700758 0.2755 0.0216618106 0.2755 0.0611549541 0.289999992 0.0610372797 0.232000008 0.0212882105 0.24650003 0.0575157963
 0.248000011 0.0189595334 0.294499993 0.0206784625 0.294499993 0.0591856129 0.310000002 0.0593876578 0.248000011 0.0209817793 0.263500005 0.0565918162
 0.264000028 0.0184325092 0.313499987 0.0193145648 0.313499987 0.056204319 0.330000013 0.0567204095 0.264000028 0.020442158 0.280499995 0.0547218882
 0.280000031 0.0178127158 0.332499981 0.0179205909 0.332499981 0.0525786206 0.349999994 0.0529289953 0.280000031 0.0195375159 0.297500014 0.0520616695
 0.296000034 0.0169548448 0.351500005 0.0163343418 0.351500005 0.048141636 0.370000005 0.0487247109 0.296000034 0.0184885431 0.314500004 0.0485969968
 0.312000036 0.0160066504 0.370499998 0.0148638096 0.370499998 0.0434429459 0.389999986 0.0438307188 0.312000036 0.0173352808 0.331500024 0.0449308716
 0.328000039 0.0149508417 0.389499992 0.0133396666 0.389499992 0.0384532548 0.409999996 0.0390314497 0.328000039 0.016050186 0.348500013 0.0408166237
 0.344000041 0.0137647651 0.408499986 0.0118569285 0.408499986 0.0335513502 0.430000007 0.0341331586 0.344000041 0.0148379412 0.365500003 0.0366821624
 0.360000044 0.0125607215 0.42749998 0.0105383424 0.42749998 0.0288146734 0.449999988 0.0294337831 0.360000044 0.0135185728 0.382500023 0.0323644057
 0.376000017 0.0113513079 0.446499974 0.00932551082 0.446499974 0.0242504478 0.469999999 0.0248835236 0.376000017 0.0122236172 0.399500012 0.0283440985
 0.39200002 0.0103496956 0.465499997 0.0082628699 0.465499997 0.0203054305 0.49000001 0.0207956415 0.39200002 0.0110169379 0.416500002 0.0243929289
 0.408000022 0.00928587932 0.484499991 0.00729914755 0.484499991 0.0166722145 0.50999999 0.0171334203 0.408000022 0.00989922043 0.433500022 0.0208128337
 0.424000025 0.00838006474 0.503499985 0.00656666514 0.503499985 0.0134672951 0.529999971 0.0138502838 0.424000025 0.00886235666 0.450500011 0.0175766665
 0.440000027 0.00744778477 0.522499979 0.00588271441 0.522499979 0.0107309092 0.550000012 0.0111049144 0.440000027 0.00798915792 0.467500001 0.0146925319
 0.45600003 0.0067209648 0.541499972 0.00536291627 0.541499972 0.00846979115 0.569999993 0.00876723789 0.45600003 0.00710189668 0.484500021 0.0120468624
 0.472000033 0.00603701361 0.560499966 0.00489086937 0.560499966 0.00649567135 0.589999974 0.00680102734 0.472000033 0.00633416139 0.50150007 0.00980752055
 0.488000035 0.00545764668 0.57949996 0.00453942223 0.57949996 0.00495795533 0.610000014 0.00525686657 0.488000035 0.00577237224 0.51850003 0.00792118814
 0.504000008 0.0049851113 0.598499954 0.00436511403 0.598499954 0.0037839904 0.629999995 0.00397763308 0.504000008 0.00527405692 0.53550005 0.00631286995
 0.519999981 0.00452497695 0.617499948 0.0041787955 0.617499948 0.00277339667 0.649999976 0.00297260541 0.519999981 0.0048733931 0.552500069 0.00499565015
 0.536000013 0.00424725562 0.636499941 0.00414686371 0.636499941 0.00203007436 0.670000017 0.0021793833 0.536000013 0.00450124312 0.569500029 0.00393183576
 0.551999986 0.00398066733 0.655499935 0.00417010486 0.655499935 0.00147238735 0.689999998 0.00159259618 0.551999986 0.00424813107 0.586500049 0.00299389428
 0.568000019 0.00378673128 0.674499929 0.00423973007 0.674499929 0.00106420461 0.709999979 0.00115931709 0.568000019 0.00403915672 0.603500068 0.00229373365
 0.583999991 0.00371769187 0.693499923 0.00435759546 0.693499923 0.000755235669 0.730000019 0.000823298702 0.583999991 0.00392627157 0.620500028 0.00172735564
 0.600000024 0.00366076105 0.712499976 0.00455309311 0.712499976 0.000535617757 0.75 0.000587275368 0.600000024 0.00383262383 0.637500048 0.00130247429
 0.615999997 0.00360636902 0.73149997 0.00485190656 0.73149997 0.000347638852 0.769999981 0.000395781011 0.615999997 0.00380479312 0.654500067 0.000978467055
 0.632000029 0.00366466702 0.750499964 0.00516907824 0.750499964 0.000243737813 0.789999962 0.000276060426 0.632000029 0.00382862007 0.671500087 0.000709730375
 0.648000002 0.0037510884 0.769499958 0.00545490393 0.769499958 0.000164347264 0.810000002 0.000187392972 0.648000002 0.00389101938 0.688500047 0.000511107442
 0.664000034 0.00384649402 0.788499951 0.00593622774 0.788499951 0.000106830601 0.829999983 0.000119037024 0.664000034 0.00400361139 0.705500066 0.000362774939
 0.680000007 0.00405107392 0.807499945 0.00650133612 0.807499945 6.77700518e-05 0.849999964 8.58355561e-05 0.680000007 0.00420955848 0.722500086 0.000260924542
 0.69600004 0.00421659322 0.826499939 0.0070227948 0.826499939 4.25759972e-05 0.870000005 5.14622734e-05 0.69600004 0.00437488267 0.739500046 0.000193447428
 0.712000012 0.00454450725 0.845499933 0.00769922556 0.845499933 2.82212459e-05 0.889999986 3.12484372e-05 0.712000012 0.00464322884 0.756500065 0.000123236066
 0.728000045 0.00479029631 0.864499927 0.00848551467 0.864499927 1.70889889e-05 0.909999967 2.24598134e-05 0.728000045 0.00486313971 0.773500085 9.46242071e-05
 0.744000018 0.00511156954 0.88349992 0.00939933676 0.88349992 1.22064212e-05 0.930000007 1.22064212e-05 0.744000018 0.00519378763 0.790500045 5.75166741e-05
 0.75999999 0.00548166875 0.902499914 0.0104969377 0.902499914 8.88627528e-06 0.949999988 7.71445866e-06 0.75999999 0.00557160098 0.807500064 4.38454772e-05
 0.776000023 0.00591172604 0.921499968 0.0117474608 0.921499968 4.68726557e-06 0.969999969 5.1755228e-06 0.776000023 0.00598622905 0.824500084 3.07601877e-05
 0.791999996 0.00641219039 0.940499961 0.0132450433 0.940499961 3.02719241e-06 0.99000001 2.63658694e-06 0.791999996 0.00647155661 0.841500044 1.88467202e-05
 0.808000028 0.00692876708 0.959499955 0.0148913478 0.959499955 9.76513661e-07 1.00999999 1.66007328e-06 0.808000028 0.00691967923 0.858500063 1.10346073e-05
 0.824000001 0.0075096963 0.978499949 0.0167841241 0.978499949 9.76513661e-07 1.02999997 1.36711913e-06 0.824000001 0.00751857599 0.875500083 7.61680894e-06
 0.840000033 0.00824501179 0.997499943 0.0189205427 0.997499943 7.81210986e-07 1.04999995 4.88256831e-07 0.840000033 0.00814471673 0.892500043 5.95673555e-06
 0.856000006 0.00901313964 1.0165 0.0210614502 1.0165 1.95302746e-07 1.06999993 1.95302732e-07 0.856000006 0.0089192884 0.909500062 4.10135863e-06
 0.872000039 0.00979308225 1.03549993 0.0233644601 1.03549993 2.92954098e-07 1.09000003 9.76513661e-08 0.872000039 0.00977012515 0.926500082 1.56242243e-06
 0.888000011 0.0107943034 1.05449998 0.025610052 1.05449998 1.95302746e-07 1.11000001 0.0 0.888000011 0.0107104098 0.943500042 1.07416531e-06
 0.904000044 0.0119502041 1.07349992 0.0278230272 1.07349992 0.0 1.13 1.95302732e-07 0.904000044 0.0118392613 0.960500062 9.76514002e-07
 0.920000017 0.0130615765 1.09249997 0.0296025276 1.09249997 0.0 1.14999998 0.0 0.920000017 0.0130548263 0.977500081 5.85908367e-07
 0.936000049 0.0143767474 1.11149991 0.0310394689 1.11149991 0.0 1.16999996 0.0 0.936000049 0.0143242953 0.994500041 9.76514016e-08
 0.952000022 0.0159238409 1.13049996 0.0318126716 1.13049996 0.0 1.18999994 9.76513661e-08 0.952000022 0.0157337952 1.01150012 0.0
 0.968000054 0.0172696747 1.14949989 0.0319587588 1.14949989 0.0 1.21000004 0.0 0.968000054 0.017268585 1.02850008 0.0
 0.984000027 0.0190317966 1.16849995 0.0312434621 1.16849995 0.0 1.23000002 0.0 0.984000027 0.018855812 1.04550004 9.76514016e-08
 1.0 0.020647442 1.18749988 0.0298821032 1.18749988 9.76513732e-08 1.25 0.0 1.0 0.0204170607 1.06250012 0.0
 1.01600003 0.0221785195 1.20649993 0.0278048627 1.20649993 0.0 1.26999998 0.0 1.01600003 0.0218679681 1.07950008 0.0
 1.03200006 0.0236251298 1.22549999 0.025186928 1.22549999 0.0 1.28999996 0.0 1.03200006 0.0233001243 1.09650004 0.0
 1.04799998 0.0250320937 1.24449992 0.0221881531 1.24449992 0.0 1.30999994 0.0 1.04799998 0.0244407896 1.11350012 0.0
 1.06400001 0.0260667112 1.26349998 0.0190179981 1.26349998 0.0 1.32999992 0.0 1.06400001 0.0252523702 1.13050008 0.0
 1.08000004 0.0268334709 1.28249991 0.0158199146 1.28249991 0.0 1.35000002 0.0 1.08000004 0.0258040037 1.14750004 0.0
 1.09600008 0.027175935 1.30149996 0.0127015151 1.30149996 0.0 1.37 0.0 1.09600008 0.0259274356 1.16450012 0.0
 1.11199999 0.0272446815 1.3204999 0.0099269459 1.3204999 0.0 1.38999999 0.0 1.11199999 0.025612412 1.18150008 0.0
 1.12800002 0.0266867969 1.33949995 0.00752462447 1.33949995 0.0 1.40999997 0.0 1.12800002 0.0246855058 1.19850004 0.0
 1.14400005 0.0257873293 1.35849988 0.00548166037 1.35849988 0.0 1.42999995 0.0 1.14400005 0.0236367285 1.21550012 0.0
 1.16000009 0.0243840776 1.37749994 0.00390410237 1.37749994 0.0 1.44999993 0.0 1.16000009 0.0220358297 1.23250008 0.0
 1.176 0.0226476379 1.39649987 0.00265553151 1.39649987 0.0 1.47000003 0.0 1.176 0.0201155152 1.24950004 0.0
 1.19200003 0.0207490958 1.41549993 0.00174893625 1.41549993 0.0 1.49000001 0.0 1.19200003 0.018038664 1.26650012 0.0
 1.20800006 0.0186316203 1.43449998 0.00112875237 1.43449998 0.0 1.50999999 0.0 1.20800006 0.0158925764 1.28350008 0.0
 1.2240001 0.0163596608 1.45349991 0.000697523821 1.45349991 0.0 1.52999997 0.0 1.2240001 0.0135482587 1.30050004 0.0
 1.24000001 0.0141196307 1.47249997 0.000416971394 1.47249997 0.0 1.54999995 0.0 1.24000001 0.0114112552 1.31750011 0.0
 1.25600004 0.0119024534 1.4914999 0.000247350952 1.4914999 0.0 1.56999993 0.0 1.25600004 0.00942746643 1.33450007 0.0
 1.27200007 0.00977189187 1.51049995 0.000134758899 1.51049995 0.0 1.58999991 0.0 1.27200007 0.00753595727 1.35150015 0.0
 1.28799999 0.00793369859 1.52949989 7.20667231e-05 1.52949989 0.0 1.61000001 0.0 1.28799999 0.00590195553 1.36850011 0.0
 1.30400002 0.0062545808 1.54849994 3.48615467e-05 1.54849994 0.0 1.63 0.0 1.30400002 0.00456383824 1.38550007 0.0
 1.32000005 0.00485572265 1.56749988 1.61124772e-05 1.56749988 0.0 1.64999998 0.0 1.32000005 0.00342356204 1.40250015 0.0
 1.33600008 0.00364669901 1.58649993 8.49567004e-06 1.58649993 0.0 1.66999996 0.0 1.33600008 0.00251618493 1.41950011 0.0
 1.352 0.00268951873 1.60549986 4.58961495e-06 1.60549986 0.0 1.68999994 0.0 1.352 0.0017896581 1.43650007 0.0
 1.36800003 0.00198564632 1.62449992 2.1483304e-06 1.62449992 0.0 1.70999992 0.0 1.36800003 0.0012525752 1.45350015 0.0
 1.38400006 0.00138059736 1.64349997 9.76513888e-07 1.64349997 0.0 1.73000002 0.0 1.38400006 0.000850251119 1.47050011 0.0
 1.4000001 0.000940384343 1.6624999 4.88256944e-07 1.6624999 0.0 1.75 0.0 1.4000001 0.000584541529 1.48750007 0.0
 1.41600001 0.000628485286 1.68149996 9.76513874e-08 1.68149996 0.0 1.76999998 0.0 1.41600001 0.000374590949 1.50450015 0.0
 1.43200004 0.000425663049 1.70049989 9.76513874e-08 1.70049989 0.0 1.78999996 0.0 1.43200004 0.000231922182 1.52150011 0.0
 1.44800007 0.000277135085 1.71949995 0.0 1.71949995 0.0 1.80999994 0.0 1.44800007 0.000149894971 1.53850007 0.0
 1.46400011 0.000174600951 1.73849988 0.0 1.73849988 0.0 1.82999992 0.0 1.46400011 8.62262314e-05 1.55550015 0.0
 1.48000002 0.000104780098 1.75749993 0.0 1.75749993 0.0 1.85000002 0.0 1.48000002 5.3024738e-05 1.57250011 0.0
 1.49600005 6.19110724e-05 1.77649987 0.0 1.77649987 0.0 1.87 0.0 1.49600005 2.73424048e-05 1.58950007 0.0
 1.51200008 3.68146284e-05 1.79549992 0.0 1.79549992 0.0 1.88999999 0.0 1.51200008 1.60148375e-05 1.60650015 0.0
 1.528 2.07997764e-05 1.81449986 0.0 1.81449986 0.0 1.90999997 0.0 1.528 8.98393318e-06 1.62350011 0.0
 1.54400003 1.18158359e-05 1.83349991 0.0 1.83349991 0.0 1.92999995 0.0 1.54400003 6.24969243e-06 1.64050007 0.0
 1.56000006 6.24969834e-06 1.85249996 0.0 1.85249996 0.0 1.94999993 0.0 1.56000006 2.2459833e-06 1.65750015 0.0
 1.57600009 3.12484917e-06 1.8714999 0.0 1.8714999 0.0 1.96999991 0.0 1.57600009 1.26946884e-06 1.67450011 0.0
 1.59200001 1.46477305e-06 1.89049995 0.0 1.89049995 0.0 1.99000001 0.0 1.59200001 1.17181742e-06 1.69150007 0.0
