 distance P2O231NTf2_custom_CLPOL distance P2O231NTf2_LINEAR_custom_CLPOL distance P2O231TCB_custom_CLPOL distance P2O231TCB_LINEAR_custom_CLPOL distance P5551NTf2_custom_CLPOL distance P5551TCB_custom_CLPOL
 0.00800000038 1.56359129e-05 0.00949999969 6.64371737e-06 0.00949999969 1.4359568e-05 0.00999999978 8.59961074e-06 0.00800000038 1.07494343e-05 0.00850000046 1.10480278e-05
 0.0240000002 0.000105346968 0.0284999982 4.76784408e-05 0.0284999982 0.000101396137 0.0299999993 6.56697521e-05 0.0240000002 7.31938781e-05 0.0255000014 8.09536868e-05
 0.0399999991 0.000281348708 0.0474999957 0.000132190427 0.0474999957 0.000273124868 0.049999997 0.000184403034 0.0399999991 0.000187528771 0.0425000042 0.000220373928
 0.0560000017 0.000548429671 0.0665000007 0.000236340478 0.0665000007 0.000527201279 0.0700000003 0.000347795634 0.0560000017 0.000368607871 0.0595000014 0.000420020573
 0.0720000044 0.000918121252 0.0855000019 0.000408783992 0.0855000019 0.000868118892 0.0899999961 0.000573144527 0.0720000044 0.00060617039 0.076500006 0.000668845605
 0.0879999995 0.00133667514 0.104499996 0.000620992156 0.104499996 0.00127878308 0.109999999 0.000844325405 0.0879999995 0.000900118554 0.0935000032 0.0010005798
 0.104000002 0.00186086912 0.123500004 0.000861924607 0.123500004 0.00177296705 0.129999995 0.00119192572 0.104000002 0.00126599032 0.1105 0.00134551292
 0.120000005 0.00244770455 0.142499998 0.00114877685 0.142499998 0.00236073253 0.149999991 0.00156835397 0.120000005 0.00161075394 0.127500013 0.00176533801
 0.136000007 0.0031111557 0.161499992 0.00146630744 0.161499992 0.00295455428 0.169999987 0.00200234121 0.136000007 0.00202431413 0.144500017 0.00216961745
 0.15200001 0.00379014551 0.180500001 0.00185066601 0.180500001 0.00363316596 0.189999983 0.00247121556 0.15200001 0.00250119809 0.161500022 0.00262894179
 0.168000013 0.00459774025 0.199499995 0.00225788681 0.199499995 0.00443642261 0.209999993 0.00302794273 0.168000013 0.00296234875 0.178500012 0.00309686945
 0.184 0.00535471411 0.218499988 0.00271991827 0.218499988 0.00517432904 0.229999989 0.00361418212 0.184 0.00349170971 0.195500016 0.00357115269
 0.200000003 0.0062176208 0.237499997 0.00319338078 0.237499997 0.00598569354 0.249999985 0.00418820605 0.200000003 0.00400006026 0.212500021 0.00401884224
 0.216000006 0.00715802331 0.256500006 0.00377109088 0.256500006 0.0068428712 0.270000011 0.00483307894 0.216000006 0.0044761626 0.229500011 0.00448432611
 0.232000008 0.00798389316 0.2755 0.0042914506 0.2755 0.00773863494 0.289999992 0.00550228497 0.232000008 0.00503884628 0.24650003 0.00492859352
 0.248000011 0.00896328688 0.294499993 0.00488068955 0.294499993 0.00860997755 0.310000002 0.00625690073 0.248000011 0.00553390663 0.263500005 0.00534656085
 0.264000028 0.00992489606 0.313499987 0.00554447481 0.313499987 0.00958535355 0.330000013 0.00698601129 0.264000028 0.00605496066 0.280499995 0.00575758656
 0.280000031 0.0108850384 0.332499981 0.00618070876 0.332499981 0.0105040725 0.349999994 0.00774961757 0.280000031 0.00656995689 0.297500014 0.00620850269
 0.296000034 0.0117547866 0.351500005 0.00686012628 0.351500005 0.0113515807 0.370000005 0.00840621814 0.296000034 0.00704576587 0.314500004 0.00659009954
 0.312000036 0.0126012759 0.370499998 0.00757217687 0.370499998 0.0122670755 0.389999986 0.00923226867 0.312000036 0.00751688424 0.331500024 0.00699173892
 0.328000039 0.0135785202 0.389499992 0.00832360052 0.389499992 0.0131712407 0.409999996 0.0100031067 0.328000039 0.00803275965 0.348500013 0.00736463442
 0.344000041 0.0144632198 0.408499986 0.00904600695 0.408499986 0.0140636824 0.430000007 0.0107068084 0.344000041 0.00851492025 0.365500003 0.00770145282
 0.360000044 0.0152804889 0.42749998 0.00983416662 0.42749998 0.0149170524 0.449999988 0.0114998296 0.360000044 0.00906529091 0.382500023 0.00812714361
 0.376000017 0.016089648 0.446499974 0.0106060114 0.446499974 0.0157075115 0.469999999 0.0122895278 0.376000017 0.00947562698 0.399500012 0.00859341025
 0.39200002 0.0168645047 0.465499997 0.01138655 0.465499997 0.0165008046 0.49000001 0.0129773989 0.39200002 0.0100261923 0.416500002 0.00907326583
 0.408000022 0.017533429 0.484499991 0.0120892199 0.484499991 0.0171924084 0.50999999 0.0137653388 0.408000022 0.0105764661 0.433500022 0.00955556612
 0.424000025 0.0182733983 0.503499985 0.0129142143 0.503499985 0.0180678535 0.529999971 0.014427118 0.424000025 0.0112517262 0.450500011 0.0101130512
 0.440000027 0.0188112725 0.522499979 0.0137471212 0.522499979 0.0186247509 0.550000012 0.0153715108 0.440000027 0.0118144108 0.467500001 0.0107089598
 0.45600003 0.0193429943 0.541499972 0.0145764127 0.541499972 0.0192556921 0.569999993 0.01590674 0.45600003 0.0125794774 0.484500021 0.0113986311
 0.472000033 0.0200250112 0.560499966 0.0153706307 0.560499966 0.0198529325 0.589999974 0.0167055279 0.472000033 0.013313761 0.50150007 0.0120033398
 0.488000035 0.0204556845 0.57949996 0.0161412042 0.57949996 0.0203404743 0.610000014 0.0173319299 0.488000035 0.0140895769 0.51850003 0.0128868883
 0.504000008 0.0209026746 0.598499954 0.0169531051 0.598499954 0.0207613949 0.629999995 0.018076675 0.504000008 0.0150245829 0.53550005 0.0136628905
 0.519999981 0.0211667269 0.617499948 0.0178082883 0.617499948 0.0212772656 0.649999976 0.0188352969 0.519999981 0.015939163 0.552500069 0.0145562161
 0.536000013 0.0214823764 0.636499941 0.0186630804 0.636499941 0.021594936 0.670000017 0.0193816666 0.536000013 0.0169682764 0.569500029 0.0154291084
 0.551999986 0.0217206292 0.655499935 0.0194613021 0.655499935 0.0218468625 0.689999998 0.0200304482 0.551999986 0.0180619825 0.586500049 0.0164994951
 0.568000019 0.0218392666 0.674499929 0.0202116519 0.674499929 0.0221222341 0.709999979 0.0206007585 0.568000019 0.0190367587 0.603500068 0.0174933281
 0.583999991 0.0218859781 0.693499923 0.0209682547 0.693499923 0.0223242436 0.730000019 0.021023117 0.583999991 0.0201394558 0.620500028 0.0185005572
 0.600000024 0.0220025647 0.712499976 0.021625787 0.712499976 0.0224591456 0.75 0.0214663874 0.600000024 0.0212635547 0.637500048 0.0196418297
 0.615999997 0.0219917167 0.73149997 0.0222465843 0.73149997 0.0225538015 0.769999981 0.0219990741 0.615999997 0.022335859 0.654500067 0.0205766093
 0.632000029 0.0218195263 0.750499964 0.0228701178 0.750499964 0.0225486252 0.789999962 0.0224524122 0.632000029 0.0233308654 0.671500087 0.0217078086
 0.648000002 0.0217891335 0.769499958 0.0233682971 0.769499958 0.022540126 0.810000002 0.0226266515 0.648000002 0.0242332332 0.688500047 0.022620298
 0.664000034 0.0216578897 0.788499951 0.0237298924 0.788499951 0.0225102343 0.829999983 0.0227835942 0.664000034 0.0250464771 0.705500066 0.0234721694
 0.680000007 0.021512866 0.807499945 0.0241171811 0.807499945 0.0223264918 0.849999964 0.0229538288 0.680000007 0.0259245094 0.722500086 0.0244062636
 0.69600004 0.0212428533 0.826499939 0.0242478084 0.826499939 0.0221806485 0.870000005 0.0229808968 0.69600004 0.026440775 0.739500046 0.0250262246
 0.712000012 0.020868374 0.845499933 0.0243935809 0.845499933 0.0221086554 0.889999986 0.0229502115 0.712000012 0.0268400684 0.756500065 0.0255457759
 0.728000045 0.0206334442 0.864499927 0.0244882517 0.864499927 0.0217786785 0.909999967 0.0229422972 0.728000045 0.0272535291 0.773500085 0.0261454023
 0.744000018 0.0202210471 0.88349992 0.0243710112 0.88349992 0.0214311182 0.930000007 0.0227406938 0.744000018 0.0273361057 0.790500045 0.0264547449
 0.75999999 0.0197711233 0.902499914 0.0243345685 0.902499914 0.0210062899 0.949999988 0.0225134902 0.75999999 0.0273307301 0.807500064 0.0264798738
 0.776000023 0.0194131583 0.921499968 0.024008831 0.921499968 0.0205429755 0.969999969 0.022205662 0.776000023 0.027104212 0.824500084 0.0267111007
 0.791999996 0.0189917702 0.940499961 0.0236912016 0.940499961 0.0202654544 0.99000001 0.0217320956 0.791999996 0.0267292503 0.841500044 0.0262809116
 0.808000028 0.0184803791 0.959499955 0.023191262 0.959499955 0.0196373444 1.00999999 0.0213110074 0.808000028 0.0262627248 0.858500063 0.0259697083
 0.824000001 0.0178951062 0.978499949 0.0226838961 0.978499949 0.0191436484 1.02999997 0.0208139904 0.824000001 0.0256164894 0.875500083 0.0255423561
 0.840000033 0.0174091235 0.997499943 0.022052059 0.997499943 0.0184878949 1.04999995 0.0202304889 0.840000033 0.0247523319 0.892500043 0.0249309968
 0.856000006 0.0168853197 1.0165 0.0214121137 1.0165 0.0179325603 1.06999993 0.0196414143 0.856000006 0.0237356313 0.909500062 0.0241294783
 0.872000039 0.016243564 1.03549993 0.0208405592 1.03549993 0.0171727724 1.09000003 0.0189232491 0.872000039 0.0226563886 0.926500082 0.0232332181
 0.888000011 0.0156499855 1.05449998 0.0199217722 1.05449998 0.0164758954 1.11000001 0.018372776 0.888000011 0.0216090996 0.943500042 0.0223157443
 0.904000044 0.0150088156 1.07349992 0.0191620439 1.07349992 0.0156997945 1.13 0.0176380947 0.904000044 0.0203446727 0.960500062 0.0211726166
 0.920000017 0.0143838674 1.09249997 0.0183558092 1.09249997 0.0150078004 1.14999998 0.0169302877 0.920000017 0.0191008653 0.977500081 0.0201317556
 0.936000049 0.0137401568 1.11149991 0.01750209 1.11149991 0.0141425142 1.16999996 0.0160604585 0.936000049 0.0178466029 0.994500041 0.0189630091
 0.952000022 0.0130960541 1.13049996 0.0166202355 1.13049996 0.0133989416 1.18999994 0.0153718041 0.952000022 0.016561361 1.01150012 0.0177637618
 0.968000054 0.0123974225 1.14949989 0.0157711096 1.14949989 0.0125944158 1.21000004 0.014466011 0.968000054 0.0152530568 1.02850008 0.0165179744
 0.984000027 0.0117193125 1.16849995 0.0149332201 1.16849995 0.0117258076 1.23000002 0.0138325719 0.984000027 0.0141200665 1.04550004 0.0154629368
 1.0 0.0110308435 1.18749988 0.0139408633 1.18749988 0.010921184 1.25 0.0130916378 1.0 0.0129251201 1.06250012 0.0143489428
 1.01600003 0.0103847878 1.20649993 0.0131454738 1.20649993 0.0101884557 1.26999998 0.0123044793 1.01600003 0.0117803058 1.07950008 0.0131827407
 1.03200006 0.00980107952 1.22549999 0.0122606866 1.22549999 0.00938011892 1.28999996 0.0115234787 1.03200006 0.0107534407 1.09650004 0.0121949688
 1.04799998 0.00910616014 1.24449992 0.0114211366 1.24449992 0.00865364261 1.30999994 0.0108492896 1.04799998 0.00979400519 1.11350012 0.0111425705
 1.06400001 0.00845697615 1.26349998 0.0106235975 1.26349998 0.00795090292 1.32999992 0.0101536978 1.06400001 0.00887395162 1.13050008 0.0103083961
 1.08000004 0.00784561224 1.28249991 0.0098274257 1.28249991 0.00726252235 1.35000002 0.00945116859 1.08000004 0.00804575626 1.14750004 0.009382708
 1.09600008 0.00724069821 1.30149996 0.00901259296 1.30149996 0.00665101968 1.37 0.00876124483 1.09600008 0.00724941865 1.16450012 0.00858441554
 1.11199999 0.0066402792 1.3204999 0.00834333617 1.3204999 0.00595130818 1.38999999 0.00813542772 1.11199999 0.00659448514 1.18150008 0.00785280112
 1.12800002 0.00603898056 1.33949995 0.0076677287 1.33949995 0.00539030833 1.40999997 0.00744569954 1.12800002 0.00597736984 1.19850004 0.00721103745
 1.14400005 0.00554947881 1.35849988 0.00691435114 1.35849988 0.00481680455 1.42999995 0.00684147933 1.14400005 0.00540012494 1.21550012 0.0065937168
 1.16000009 0.00503857527 1.37749994 0.00634133024 1.37749994 0.00434928853 1.44999993 0.00631582784 1.16000009 0.00495246006 1.23250008 0.00605744775
 1.176 0.00458816346 1.39649987 0.00577202253 1.39649987 0.00385315088 1.47000003 0.00575929647 1.176 0.00443697581 1.24950004 0.00548822992
 1.19200003 0.00413364684 1.41549993 0.00516422 1.41549993 0.00339296064 1.49000001 0.00523002911 1.19200003 0.00404853048 1.26650012 0.00508277724
 1.20800006 0.00374421501 1.43449998 0.00463790074 1.43449998 0.00302459393 1.50999999 0.00472480245 1.20800006 0.00366008491 1.28350008 0.00465053506
 1.2240001 0.00329917762 1.45349991 0.00418534642 1.45349991 0.00266599539 1.52999997 0.00428074924 1.2240001 0.00334033789 1.30050004 0.00429230556
 1.24000001 0.00295225577 1.47249997 0.0037202863 1.47249997 0.00229000929 1.54999995 0.00385458022 1.24000001 0.00306036393 1.31750011 0.00392684061
 1.25600004 0.00264960318 1.4914999 0.00332635292 1.4914999 0.00200848351 1.56999993 0.00347248395 1.25600004 0.00276270253 1.33450007 0.00357291242
 1.27200007 0.00232613529 1.51049995 0.00296798279 1.51049995 0.00176134275 1.58999991 0.00310182106 1.27200007 0.00251155673 1.35150015 0.0033191992
 1.28799999 0.00205416814 1.52949989 0.00261899247 1.52949989 0.00151859759 1.61000001 0.00275109359 1.28799999 0.00225865166 1.36850011 0.00305688148
 1.30400002 0.00181317958 1.54849994 0.0023317493 1.54849994 0.00129656156 1.63 0.00244629616 1.30400002 0.00204268564 1.38550007 0.002776379
 1.32000005 0.00158655655 1.56749988 0.00202584523 1.56749988 0.00109425769 1.64999998 0.00215947954 1.32000005 0.00183815334 1.40250015 0.0025427083
 1.33600008 0.00138123741 1.58649993 0.00177602191 1.58649993 0.000981139485 1.66999996 0.00194194855 1.33600008 0.00166127621 1.41950011 0.0022750136
 1.352 0.00120904692 1.60549986 0.00156254368 1.60549986 0.000829240656 1.68999994 0.00167897635 1.352 0.00151352037 1.43650007 0.00211447501
 1.36800003 0.00104203599 1.62449992 0.00134095608 1.62449992 0.000698930002 1.70999992 0.00148528966 1.36800003 0.00132823922 1.45350015 0.00190035847
 1.38400006 0.000910791918 1.64349997 0.00114545505 1.64349997 0.000594994111 1.73000002 0.00129902991 1.38400006 0.00121341576 1.47050011 0.00171772379
 1.4000001 0.000779938942 1.6624999 0.000994310365 1.6624999 0.000520265719 1.75 0.00112791709 1.4000001 0.00105754891 1.48750007 0.00157752144
 1.41600001 0.000677816803 1.68149996 0.000866028073 1.68149996 0.000417697389 1.76999998 0.00100038876 1.41600001 0.000937546196 1.50450015 0.00137308403
 1.43200004 0.000571492594 1.70049989 0.000726412283 1.70049989 0.000369343732 1.78999996 0.000850970624 1.43200004 0.000812950428 1.52150011 0.00119132933
 1.44800007 0.000500935537 1.71949995 0.000630371505 1.71949995 0.000299694948 1.80999994 0.00073683029 1.44800007 0.000723339268 1.53850007 0.00107732927
 1.46400011 0.00043721922 1.73849988 0.000527198485 1.73849988 0.000259156019 1.82999992 0.000646925298 1.46400011 0.000634802971 1.55550015 0.000943090883
 1.48000002 0.000362753199 1.75749993 0.000450502645 1.75749993 0.000215198161 1.85000002 0.000536791573 1.48000002 0.000545387273 1.57250011 0.000823615817
 1.49600005 0.000308613846 1.77649987 0.000383088453 1.77649987 0.000179641138 1.87 0.000483825832 1.49600005 0.000472486543 1.58950007 0.000725161226
 1.51200008 0.000269133161 1.79549992 0.000307760405 1.79549992 0.000159615884 1.88999999 0.000401836354 1.51200008 0.000387175096 1.60650015 0.000608032569
 1.528 0.00023180242 1.81449986 0.000256955536 1.81449986 0.000131385168 1.90999997 0.000343398104 1.528 0.000336555036 1.62350011 0.000528936565
 1.54400003 0.000197794303 1.83349991 0.000221782917 1.83349991 0.000112434442 1.92999995 0.000286034774 1.54400003 0.000291016535 1.64050007 0.000448960578
 1.56000006 0.000173754088 1.85249996 0.000185340177 1.85249996 9.21161409e-05 1.94999993 0.000235512067 1.56000006 0.000242253183 1.65750015 0.000366833614
 1.57600009 0.000146098071 1.8714999 0.000153294008 1.8714999 8.43014059e-05 1.96999991 0.000198084221 1.57600009 0.000196714653 1.67450011 0.000309247
 1.59200001 0.000121862402 1.89049995 0.000130334098 1.89049995 5.99780578e-05 1.99000001 0.000165444799 1.59200001 0.000161143791 1.69150007 0.000274929684
