 distance P2O231NTf2_custom_CLPOL distance P2O231NTf2_LINEAR_custom_CLPOL distance P2O231TCB_custom_CLPOL distance P2O231TCB_LINEAR_custom_CLPOL distance P5551NTf2_custom_CLPOL distance P5551TCB_custom_CLPOL
 4.25000007e-06 6.13250595e-05 4.20000015e-06 3.55451157e-05 6.39999962e-06 0.000117083997 7.20000025e-06 0.000203798365 4.20000015e-06 0.000113666203 6.15000044e-06 0.000323226006
 1.27500007e-05 0.000409842818 1.26000004e-05 0.000229480822 1.91999989e-05 0.000819783309 2.16000008e-05 0.0014074489 1.26000004e-05 0.000736486691 1.84500022e-05 0.00215711864
 2.12500017e-05 0.00112533441 2.09999998e-05 0.000614129764 3.19999963e-05 0.00219237106 3.60000013e-05 0.00383301079 2.09999998e-05 0.00201806333 3.0750005e-05 0.00544142723
 2.9750001e-05 0.00216102507 2.94000019e-05 0.00122796651 4.47999992e-05 0.00421199668 5.04000018e-05 0.00735363457 2.94000019e-05 0.00376973394 4.3050004e-05 0.00950167328
 3.82500002e-05 0.00351408264 3.78000004e-05 0.00204462535 5.75999948e-05 0.00670474349 6.47999987e-05 0.0119542824 3.78000004e-05 0.00590107264 5.53500031e-05 0.0135721723
 4.67500031e-05 0.00511175673 4.62000025e-05 0.00308529637 7.03999976e-05 0.00973359589 7.92000064e-05 0.0174645521 4.62000025e-05 0.00830056332 6.76500058e-05 0.0173589941
 5.52500023e-05 0.00699213147 5.46000047e-05 0.00431599701 8.32000005e-05 0.0129846064 9.35999997e-05 0.0233927723 5.46000047e-05 0.0107253436 7.99500049e-05 0.0206127372
 6.37499979e-05 0.00893099979 6.29999995e-05 0.00584717188 9.59999961e-05 0.0165437069 0.000108000007 0.0296126716 6.29999995e-05 0.0130679039 9.22500039e-05 0.023787383
 7.22499972e-05 0.0111900661 7.1399998e-05 0.00747209089 0.000108799992 0.0200959705 0.000122400001 0.0359951667 7.1399998e-05 0.0153033379 0.000104550003 0.0274707936
 8.07499964e-05 0.0134054841 7.97999965e-05 0.00938937906 0.000121599987 0.0237171762 0.000136800008 0.0422112569 7.97999965e-05 0.0174019653 0.000116850002 0.0320010334
 8.92499957e-05 0.0157714784 8.82000022e-05 0.0114318561 0.00013439999 0.027196398 0.000151200016 0.0482085198 8.82000022e-05 0.0194760803 0.000129150008 0.0377400033
 9.77500022e-05 0.0180399194 9.66000007e-05 0.0136106545 0.000147199986 0.0303581525 0.000165600009 0.0539858639 9.66000007e-05 0.0216465779 0.000141450015 0.0445750169
 0.000106250001 0.0202079769 0.000104999999 0.0159221608 0.000159999981 0.0332815424 0.000180000003 0.0585348532 0.000104999999 0.0239855219 0.000153750007 0.0520276688
 0.000114750001 0.0223834533 0.000113400005 0.0183813162 0.000172799992 0.0360056274 0.000194400011 0.0619340986 0.000113400005 0.0268822536 0.000166050013 0.0592708588
 0.000123249993 0.0244105011 0.000121799996 0.0209305063 0.000185599987 0.0382427201 0.000208800018 0.0634349957 0.000121799996 0.0302361865 0.000178350005 0.0650955737
 0.000131749999 0.0263150949 0.000130200002 0.0234572366 0.000198399983 0.0401009284 0.000223200012 0.0632059053 0.000130200002 0.0339678377 0.000190650011 0.0688696951
 0.000140250006 0.0279306378 0.000138600008 0.0261318125 0.000211199978 0.0413883664 0.000237600005 0.0612496547 0.000138600008 0.038007088 0.000202950017 0.0695370436
 0.000148749998 0.0294914972 0.000146999999 0.0287827551 0.000223999974 0.0422902741 0.000251999998 0.0574436001 0.000146999999 0.042139791 0.000215250009 0.0672086477
 0.000157250004 0.0307184868 0.000155400005 0.031374421 0.000236799984 0.0427054875 0.00026640002 0.052999001 0.000155400005 0.0460096188 0.000227550016 0.0624381863
 0.000165749996 0.0317802504 0.000163799996 0.0339705832 0.00024959998 0.0428614356 0.000280800014 0.0478658564 0.000163799996 0.0492674671 0.000239850007 0.0556332506
 0.000174250003 0.0326196626 0.000172200002 0.0363078713 0.00026239999 0.0424958281 0.000295200007 0.0423405506 0.000172200002 0.0515490882 0.000252150028 0.0480128303
 0.000182749995 0.0331876017 0.000180600007 0.0382186174 0.0002752 0.0418164693 0.000309600029 0.0371900275 0.000180600007 0.0526485443 0.000264450035 0.0403424129
 0.000191250001 0.0334914923 0.000188999998 0.0399156995 0.000287999981 0.0409940481 0.000324000022 0.0320734866 0.000188999998 0.0524205305 0.000276750041 0.0332364216
 0.000199750008 0.0335934423 0.000197400004 0.040979024 0.000300799991 0.039872326 0.000338400016 0.0274488181 0.000197400004 0.0508739278 0.000289050047 0.0271187592
 0.00020825 0.0334405191 0.00020580001 0.041653309 0.000313600001 0.038513314 0.000352800009 0.0231841858 0.00020580001 0.048283238 0.000301350025 0.0221397113
 0.000216750006 0.0331777409 0.000214200001 0.0417353362 0.000326399982 0.0368562676 0.000367200002 0.0192793049 0.000214200001 0.0448233485 0.000313650031 0.0180830788
 0.000225249998 0.0327120386 0.000222600007 0.0412488393 0.000339199993 0.034861248 0.000381600024 0.0159556437 0.000222600007 0.0406764857 0.000325950037 0.0147350039
 0.000233750005 0.0320553333 0.000231000013 0.04033814 0.000352000003 0.0327852815 0.000396000018 0.0128863649 0.000231000013 0.036189504 0.000338250044 0.0121671641
 0.000242250011 0.0313589834 0.000239400004 0.0388700478 0.000364799984 0.030497795 0.000410400011 0.0103355162 0.000239400004 0.0317302532 0.00035055005 0.0100766439
 0.000250749988 0.0303941872 0.000247799995 0.0371775553 0.000377599994 0.0280175488 0.000424800033 0.0082521243 0.000247799995 0.027364064 0.000362850027 0.00823523197
 0.000259249995 0.0294441357 0.000256200001 0.0351664238 0.000390399975 0.025358988 0.000439200026 0.00644987123 0.000256200001 0.0234630872 0.000375150034 0.006731987
 0.000267750002 0.0282534733 0.000264600007 0.0328815766 0.000403199985 0.0227245502 0.00045360002 0.00502435677 0.000264600007 0.0199454892 0.00038745004 0.00549552543
 0.000276250008 0.027237216 0.000273000012 0.0305807125 0.000415999995 0.020007791 0.000468000013 0.00395068061 0.000273000012 0.0169413425 0.000399750046 0.00441218168
 0.000284750015 0.0259503666 0.000281400018 0.0282732099 0.000428799976 0.0173545051 0.000482400006 0.00308031403 0.000281400018 0.0143254576 0.000412050053 0.00347648631
 0.000293249992 0.0247169305 0.000289799995 0.0258723516 0.000441599987 0.014789789 0.000496799999 0.00237820088 0.000289799995 0.0122418702 0.00042435003 0.00272740237
 0.000301749998 0.023410257 0.000298200001 0.023567291 0.000454399968 0.012538339 0.000511199993 0.00184687995 0.000298200001 0.0103766313 0.000436650036 0.00213006907
 0.000310250005 0.0220766328 0.000306600006 0.0213802904 0.000467199978 0.010364132 0.000525600044 0.00141692103 0.000306600006 0.00890512206 0.000448950042 0.00163556263
 0.000318750012 0.0207157638 0.000315000012 0.0192260984 0.000479999988 0.00845153164 0.000540000037 0.00108275819 0.000315000012 0.00763418945 0.000461250049 0.0012341179
 0.000327249989 0.0193932708 0.000323400018 0.0171568654 0.000492799969 0.00682309736 0.000554400031 0.000846930139 0.000323400018 0.00655143103 0.000473550055 0.000917922764
 0.000335749995 0.0178543832 0.000331799994 0.0152636003 0.00050559995 0.0053999261 0.000568800024 0.000643327017 0.000331799994 0.00558556104 0.000485850032 0.00068287598
 0.000344250002 0.0165114813 0.0003402 0.0134515809 0.000518399989 0.00427693501 0.000583200017 0.000484350661 0.0003402 0.00480142096 0.000498150068 0.000505443488
 0.000352750008 0.015121121 0.000348600006 0.0117658237 0.00053119997 0.00330471783 0.00059760001 0.000369415036 0.000348600006 0.00406307867 0.000510450045 0.000373321178
 0.000361250015 0.0137240216 0.000357000012 0.010286307 0.000543999951 0.00257516443 0.000612000003 0.000281528832 0.000357000012 0.00343976985 0.000522750022 0.000264830509
 0.000369749992 0.0123722339 0.000365400017 0.00893910788 0.000556799991 0.00192617346 0.000626400055 0.000207509103 0.000365400017 0.00292963907 0.000535050058 0.000201259449
 0.000378249999 0.0110423202 0.000373800023 0.00767491292 0.000569599972 0.00148488686 0.000640800048 0.000166788494 0.000373800023 0.00243659737 0.000547350035 0.000137981377
 0.000386750005 0.00975937583 0.0003822 0.00659967307 0.000582399953 0.00110775733 0.000655200041 0.000133684691 0.0003822 0.00203056284 0.00055965007 9.63818966e-05
 0.000395250012 0.00863052625 0.000390600006 0.00568233617 0.000595199992 0.000833161583 0.000669600035 9.62842314e-05 0.000390600006 0.00167188933 0.000571950048 6.64029285e-05
 0.000403750018 0.0075294096 0.000399000011 0.00477183424 0.000607999973 0.000627898378 0.000684000028 7.52891865e-05 0.000399000011 0.00139260641 0.000584250083 4.53102293e-05
 0.000412249996 0.00653229142 0.000407400017 0.00406034617 0.000620799954 0.00047946829 0.000698400021 5.93720179e-05 0.000407400017 0.00112748286 0.00059655006 3.41779742e-05
 0.000420750002 0.00564796058 0.000415800023 0.00348264026 0.000633599993 0.000347834197 0.000712800014 4.28689382e-05 0.000415800023 0.000929738744 0.000608850038 2.11903443e-05
 0.000429250009 0.00479321787 0.0004242 0.0029419444 0.000646399974 0.000251647609 0.000727200008 3.34944125e-05 0.0004242 0.000751720334 0.000621150073 1.54289155e-05
 0.000437750015 0.00409276458 0.000432600005 0.0024873768 0.000659199955 0.000186904741 0.000741600001 2.45104875e-05 0.000432600005 0.000606415095 0.00063345005 8.30036606e-06
 0.000446249993 0.00344758201 0.000441000011 0.00208163518 0.000671999995 0.000143352227 0.000756000052 2.04091302e-05 0.000441000011 0.00048825689 0.000645750086 6.54264113e-06
 0.000454749999 0.00287475879 0.000449400017 0.00180752773 0.000684799976 9.79443357e-05 0.000770400045 1.35735372e-05 0.000449400017 0.000390312576 0.000658050063 4.29665988e-06
 0.000463250006 0.00238738093 0.000457800023 0.00149914459 0.000697599957 7.75351946e-05 0.000784800039 8.88627255e-06 0.000457800023 0.000319417682 0.00067035004 1.56242186e-06
 0.000471750012 0.00196230435 0.000466200028 0.00127815944 0.000710399996 5.00951573e-05 0.000799200032 8.69097039e-06 0.000466200028 0.000236804597 0.000682650076 1.85537579e-06
 0.000480250019 0.00162980147 0.000474600005 0.00108627439 0.000723199977 4.15018367e-05 0.000813600025 5.56612667e-06 0.000474600005 0.00018876011 0.000694950053 7.81210929e-07
 0.000488750055 0.00134133932 0.000483000011 0.000910599483 0.000735999958 2.89048076e-05 0.000828000018 4.29665897e-06 0.000483000011 0.000151847897 0.000707250088 3.90605464e-07
 0.000497250061 0.00108012185 0.000491400016 0.000794296677 0.000748799939 2.2459817e-05 0.000842400012 1.85537556e-06 0.000491400016 0.000120111195 0.000719550066 3.90605464e-07
 0.000505750009 0.000890775875 0.000499800022 0.000660123595 0.000761599978 1.60148265e-05 0.000856800063 1.85537556e-06 0.000499800022 9.39406236e-05 0.000731850043 1.95302732e-07
 0.000514250016 0.000711683242 0.000508200028 0.000559835578 0.000774399959 1.44524038e-05 0.000871200056 1.46477021e-06 0.000508200028 7.78281465e-05 0.000744150078 0.0
 0.000522750022 0.000571065291 0.000516600034 0.000478784903 0.000787199941 9.76513729e-06 0.00088560005 2.92954041e-07 0.000516600034 6.07391594e-05 0.000756450056 0.0
 0.000531250029 0.000461402757 0.000525000039 0.000410135952 0.00079999998 7.03089927e-06 0.000900000043 2.92954041e-07 0.000525000039 4.83374315e-05 0.000768750091 0.0
 0.000539750035 0.000364044303 0.000533400045 0.000344514207 0.000812799961 4.98022064e-06 0.000914400036 1.95302704e-07 0.000533400045 3.56427518e-05 0.000781050068 0.0
 0.000548250042 0.000295297767 0.000541800051 0.000310336181 0.000825599942 2.73423848e-06 0.000928800029 0.0 0.000541800051 2.70494329e-05 0.000793350046 0.0
 0.000556750048 0.000236316337 0.000550200057 0.000259752764 0.000838399981 1.85537613e-06 0.000943200022 9.76513519e-08 0.000550200057 2.45104966e-05 0.000805650081 0.0
 0.000565250055 0.000195107466 0.000558600063 0.0002239147 0.000851199962 1.36711924e-06 0.000957600016 0.0 0.000558600063 1.56242204e-05 0.000817950058 0.0
 0.000573750061 0.000147941842 0.000567000068 0.000183975266 0.000863999943 8.78862409e-07 0.000972000009 0.0 0.000567000068 1.40617985e-05 0.000830250094 0.0
 0.00058225001 0.000123724298 0.000575400074 0.000157414077 0.000876799983 9.76513775e-07 0.000986399944 0.0 0.000575400074 1.01557434e-05 0.000842550071 0.0
 0.000590750016 0.00010233865 0.000583800022 0.000127923355 0.000889599964 9.76513803e-08 0.00100079994 0.0 0.000583800022 8.39801851e-06 0.000854850048 0.0
 0.000599250023 7.60704206e-05 0.000592200027 0.0001065377 0.000902399945 3.90605521e-07 0.00101519993 0.0 0.000592200027 5.76143157e-06 0.000867150084 0.0
 0.000607750029 6.42546074e-05 0.000600600033 9.26712019e-05 0.000915199926 1.95302761e-07 0.00102959992 0.0 0.000600600033 4.39431233e-06 0.000879450061 0.0
 0.000616250036 5.04857599e-05 0.000609000039 7.69493126e-05 0.000927999965 1.95302761e-07 0.00104400003 0.0 0.000609000039 2.92954132e-06 0.000891750096 0.0
 0.000624750042 3.92558541e-05 0.000617400045 6.67935674e-05 0.000940799946 0.0 0.00105840003 0.0 0.000617400045 2.34363324e-06 0.000904050074 0.0
 0.000633250049 3.19320025e-05 0.00062580005 5.68331234e-05 0.000953599927 0.0 0.00107280002 0.0 0.00062580005 1.66007339e-06 0.000916350051 0.0
 0.000641750055 2.49987534e-05 0.000634200056 4.31619264e-05 0.000966399966 0.0 0.00108720001 0.0 0.000634200056 1.36711935e-06 0.000928650086 0.0
 0.000650250062 2.06044406e-05 0.000642600062 3.45686021e-05 0.000979199889 0.0 0.00110160001 0.0 0.000642600062 8.78862409e-07 0.000940950064 0.0
 0.00065875001 1.68936876e-05 0.000651000068 2.77330037e-05 0.00099199987 9.76513803e-08 0.001116 0.0 0.000651000068 3.90605521e-07 0.000953250099 0.0
 0.000667250017 1.37688439e-05 0.000659400073 2.17762645e-05 0.00100479985 0.0 0.00113039999 0.0 0.000659400073 4.88256887e-07 0.000965550076 0.0
 0.000675750023 9.96044128e-06 0.000667800021 1.79678609e-05 0.00101759983 0.0 0.00114479999 0.0 0.000667800021 6.83559676e-07 0.000977850053 0.0
 0.00068425003 8.49567004e-06 0.000676200027 1.41594555e-05 0.00103039993 0.0 0.00115919998 0.0 0.000676200027 2.92954155e-07 0.000990150031 0.0
 0.000692750036 6.93324773e-06 0.000684600032 1.44524092e-05 0.00104319991 0.0 0.00117359997 0.0 0.000684600032 1.95302761e-07 0.00100245012 0.0
 0.000701250043 5.56612849e-06 0.000693000038 1.08393078e-05 0.00105599989 0.0 0.00118799997 0.0 0.000693000038 0.0 0.0010147501 0.0
 0.000709750049 4.00370664e-06 0.000701400044 6.24969061e-06 0.00106879987 0.0 0.00120239996 0.0 0.000701400044 9.76513803e-08 0.00102705008 0.0
 0.000718250056 3.02719286e-06 0.00070980005 5.27317661e-06 0.00108159985 0.0 0.00121679995 0.0 0.00070980005 9.76513803e-08 0.00103935006 0.0
 0.000726750062 2.63658717e-06 0.000718200055 4.10135954e-06 0.00109439983 0.0 0.00123119995 0.0 0.000718200055 0.0 0.00105165003 0.0
 0.000735250011 1.26946793e-06 0.000726600061 3.41779946e-06 0.00110719993 0.0 0.00124559994 0.0 0.000726600061 0.0 0.00106395013 0.0
 0.000743750017 1.85537613e-06 0.000735000067 2.92954246e-06 0.00111999991 0.0 0.00126000005 0.0 0.000735000067 0.0 0.0010762501 0.0
 0.000752250024 1.0741652e-06 0.000743400073 1.85537704e-06 0.00113279989 0.0 0.00127440004 0.0 0.000743400073 0.0 0.00108855008 0.0
 0.00076075003 4.88256887e-07 0.000751800078 1.36711981e-06 0.00114559988 0.0 0.00128880003 0.0 0.000751800078 0.0 0.00110085006 0.0
 0.000769250037 2.92954127e-07 0.000760200026 1.07416554e-06 0.00115839986 0.0 0.00130320003 0.0 0.000760200026 0.0 0.00111315004 0.0
 0.000777750043 3.90605521e-07 0.000768600032 9.76514229e-07 0.00117119984 0.0 0.00131760002 0.0 0.000768600032 0.0 0.00112545013 0.0
 0.00078625005 1.95302761e-07 0.000777000037 6.83559904e-07 0.00118399994 0.0 0.00133200001 0.0 0.000777000037 0.0 0.00113775011 0.0
 0.000794750056 4.88256887e-07 0.000785400043 7.81211327e-07 0.00119679992 0.0 0.00134640001 0.0 0.000785400043 0.0 0.00115005008 0.0
 0.000803250063 3.90605521e-07 0.000793800049 1.95302832e-07 0.0012095999 0.0 0.0013608 0.0 0.000793800049 0.0 0.00116235006 0.0
 0.000811750069 0.0 0.000802200055 5.85908481e-07 0.00122239988 0.0 0.00137519999 0.0 0.000802200055 0.0 0.00117465016 0.0
 0.000820250018 9.76513803e-08 0.000810600061 9.76514158e-08 0.00123519986 0.0 0.00138959999 0.0 0.000810600061 0.0 0.00118695013 0.0
 0.000828750024 0.0 0.000819000066 9.76514158e-08 0.00124799984 0.0 0.00140399998 0.0 0.000819000066 0.0 0.00119925011 0.0
 0.000837250031 0.0 0.000827400072 0.0 0.00126079982 0.0 0.00141839997 0.0 0.000827400072 0.0 0.00121155009 0.0
 0.000845750037 0.0 0.000835800078 0.0 0.00127359992 0.0 0.00143279997 0.0 0.000835800078 0.0 0.00122385006 0.0
