distance P2222O2O2NTf2_custom P2222O2O2TCB_custom P2228NTf2_custom P2228TCB_custom P2O231NTf2_custom_CLPOL P2O231NTf2_custom P2O231NTf2_LINEAR_custom_CLPOL P2O231NTf2_LINEAR_custom P2O231TCB_custom_CLPOL P2O231TCB_custom P2O231TCB_LINEAR_custom_CLPOL P2O231TCB_LINEAR_custom P5551NTf2_custom_CLPOL P5551NTf2_custom P5551TCB_custom_CLPOL P5551TCB_custom P2O231TCB_customADCH_CLPOL P2O231TCB_customADCH_CLPOL_CCAAscaled P5551TCB_customADCH_CLPOL P5551TCB_customADCH_CLPOL_CCAAscaled
0.05166666667 0.0 0.0 0.0 0.0 0.0 0.0 0.0 0.0 0.0 0.0 0.0 0.0 0.0 0.0 0.0 0.0 0.0 0.0 0.0 0.0
0.155 0.0 0.0 0.0 0.0 0.0 0.0 0.0 0.0 0.0 0.0 0.0 0.0 0.0 0.0 0.0 0.0 0.0 0.0 0.0 0.0
0.2583333333 0.0 0.0 0.0 0.0 0.0 0.0 0.0 0.0 0.0 0.0 0.0 0.0 0.0 0.0 0.0 0.0 0.0 0.0 0.0 0.0
0.3616666667 0.0 0.0 0.0 0.0 0.0 0.0 0.0 0.0 0.0 0.0 0.0 0.0 0.0 0.0 0.0 0.0 0.0 0.0 0.0 0.0
0.465 0.0 0.0 0.0 0.0 0.0 0.0 0.0 0.0 0.0 0.0 0.0 0.0 0.0 0.0 0.0 0.0 0.0 0.0 0.0 0.0
0.5683333333 0.0 0.0 0.0 0.0 0.0 0.0 0.0 0.0 0.0 0.0 0.0 0.0 0.0 0.0 0.0 0.0 0.0 0.0 0.0 0.0
0.6716666667 0.0 0.0 0.0 0.0 0.0 0.0 0.0 0.0 0.0 0.0 0.0 0.0 0.0 0.0 0.0 0.0 0.0 0.0 0.0 0.0
0.775 0.0 0.0 0.0 0.0 0.0 0.0 0.0 0.0 0.0 0.0 0.0 0.0 0.0 0.0 0.0 0.0 0.0 0.0 0.0 0.0
0.8783333333 0.0 0.0 0.0 0.0 0.0 0.0 0.0 0.0 0.0 0.0 0.0 0.0 0.0 0.0 0.0 0.0 0.0 0.0 0.0 0.0
0.9816666667 0.0 0.0 0.0 0.0 0.0 0.0 0.0 0.0 0.0 0.0 0.0 0.0 0.0 0.0 0.0 0.0 0.0 0.0 0.0 0.0
1.085 0.0 0.0 0.0 0.0 0.0 0.0 0.0 0.0 0.0 0.0 0.0 0.0 0.0 0.0 0.0 0.0 0.0 0.0 0.0 0.0
1.188333333 0.0 0.0 0.0 0.0 0.0 0.0 0.0 0.0 0.0 0.0 0.0 0.0 0.0 0.0 0.0 0.0 0.0 0.0 0.0 0.0
1.291666667 0.0 0.0 0.0 0.0 0.0 0.0 0.0 0.0 0.0 0.0 0.0 0.0 0.0 0.0 0.0 0.0 0.0 0.0 0.0 0.0
1.395 0.0 0.0 0.0 0.0 0.0 0.0 0.0 0.0 0.0 0.0 0.0 0.0 0.0 0.0 0.0 0.0 0.0 0.0 0.0 0.0
1.498333333 0.0 0.0 0.0 0.0 0.0 0.0 0.0 0.0 0.0 0.0 0.0 0.0 0.0 0.0 0.0 0.0 0.0 0.0 0.0 0.0
1.601666667 0.0 0.0 0.0 0.0 0.0 0.0 0.0 0.0 0.0 0.0 0.0 0.0 0.0 0.0 0.0 0.0 0.0 0.0 0.0 0.0
1.705 0.0 0.0 0.0 0.0 0.0 0.0 0.0 0.0 0.0 0.0 0.0 0.0 0.0 0.0 0.0 0.0 0.0 0.0 0.0 0.0
1.808333333 0.0 0.0 0.0 0.0 0.0 0.0 0.0 0.0 0.0 0.0 0.0 0.0 0.0 0.0 0.0 0.0 0.0 0.0 0.0 0.0
1.911666667 0.0 0.0 0.0 0.0 0.0 0.0 0.0 0.0 0.0 0.0 0.0 0.0 0.0 0.0 0.0 0.0 0.0 0.0 0.0 0.0
2.015 0.0 0.0 0.0 0.0 0.0 0.0 0.0 0.0 0.0 0.0 0.0 0.0 0.0 0.0 0.0 0.0 0.0 0.0 0.0 0.0
2.118333333 0.0 0.0 0.0 0.0 0.0 0.0 0.0 0.0 0.0 0.0 0.0 0.0 0.0 0.0 0.0 0.0 0.0 0.0 0.0 0.0
2.221666667 0.0 0.0 0.0 0.0 0.0 0.0 0.0 0.0 0.0 0.0 0.0 0.0 0.0 0.0 0.0 0.0 0.0 0.0 0.0 0.0
2.325 0.0 0.0 0.0 0.0 0.0 0.0 0.0 0.0 0.0 0.0 0.0 0.0 0.0 0.0 0.0 0.0 0.0 0.0 0.0 0.0
2.428333333 0.0 0.0 0.0 0.0 0.0 0.0 0.0 0.0 0.0 0.0 0.0 0.0 0.0 0.0 0.0 0.0 0.0 0.0 0.0 0.0
2.531666667 0.0 0.0 0.0 0.0 0.0 0.0 0.0 0.0 0.0 0.0 0.0 0.0 0.0 0.0 0.0 0.0 0.0 0.0 0.0 0.0
2.635 0.0 0.0 0.0 0.0 0.0 0.0 0.0 0.0 0.0 0.0 0.0 0.0 0.0 0.0 0.0 0.0 0.0 0.0 0.0 0.0
2.738333333 0.0 0.0 0.0 0.0 0.0 0.0 0.0 0.0 0.0 0.0 0.0 0.0 0.0 0.0 0.0 0.0 0.0 0.0 0.0 0.0
2.841666667 0.0 0.0 0.0 0.0 0.0 0.0 0.0 0.0 0.0 0.0 0.0 0.0 0.0 0.0 0.0 0.0 0.0 0.0 0.0 0.0
2.945 0.0 0.0 0.0 0.0 0.0 0.0 0.0 0.0 0.0 0.0 0.0 0.0 0.0 0.0 0.0 0.0 0.0 0.0 0.0 0.0
3.048333333 0.0 0.0 0.0 0.0 0.0 0.0 7.192070285e-06 0.0 0.0 0.0 0.0 0.0 0.0 0.0 0.0 0.0 0.0 0.0 0.0 0.0
3.151666667 0.0 0.0 0.0 0.0 0.0 0.0 6.578898755e-06 0.0 0.0 0.0 0.0 0.0 0.0 0.0 0.0 0.0 0.0 0.0 0.0 0.0
3.255 0.0 0.0 0.0 0.0 0.0 0.0 5.680679794e-05 5.12779147e-06 0.0 0.0 0.0 0.0 0.0 0.0 0.0 0.0 0.0 0.0 0.0 0.0
3.358333333 0.0 0.0 0.0 0.0 0.0 0.0 0.0003052944865 5.130813475e-06 0.0 0.0 0.0 0.0 0.0 0.0 0.0 0.0 0.0 0.0 0.0 0.0
3.461666667 0.0 0.0 4.432973576e-06 0.0 0.0 0.0 0.0007078889812 1.274891937e-05 0.0 0.0 0.0 0.0 0.0 0.0 0.0 0.0 7.178719653e-06 0.0 0.0 0.0
3.565 0.0 1.068681916e-06 7.691490867e-06 8.597095327e-06 0.0 0.0 0.001415107119 2.201440792e-05 0.0 0.0 0.0 0.0 0.0 0.0 0.0 0.0 1.403209835e-05 0.0 0.0 0.0
3.668333333 0.0 6.037014016e-06 1.934384675e-05 2.523043202e-05 0.0 0.0 0.002153881197 1.998728443e-05 0.0 0.0 1.757836492e-07 0.0 0.0 0.0 0.0 0.0 2.785864243e-05 0.0 0.0 0.0
3.771666667 1.130891893e-05 1.130457579e-05 7.204152749e-05 5.238269456e-05 0.0 0.0 0.00351055422 4.724164197e-05 0.0 0.0 1.263895391e-05 4.304613804e-06 0.0 0.0 8.702294077e-07 0.0 5.961324126e-05 0.0 0.0 0.0
3.875 4.489687657e-05 2.646866787e-05 0.0002319981341 0.0002152428645 2.510012602e-05 0.0 0.005009476608 6.663638386e-05 0.0 0.0 5.56776803e-05 8.691891721e-06 0.0 0.0 1.962532053e-05 0.0 8.042794793e-05 0.0 3.388976282e-06 0.0
3.978333333 7.390268945e-05 4.631464561e-05 0.0004196115369 0.0004452203612 5.828938161e-05 0.0 0.006379928101 9.239820262e-05 4.869927302e-06 0.0 0.000223380614 4.221046567e-05 0.0 0.0 5.384584015e-05 0.0 0.0001069585379 0.0 3.000511173e-05 0.0
4.081666667 0.0001257299201 5.824583868e-05 0.0008960029157 0.001039527701 7.092605698e-05 4.70917306e-06 0.008339306186 0.0002050034446 3.849154321e-05 0.0 0.0007272914874 6.110884469e-05 3.103826767e-06 0.0 0.0002054484962 0.0 0.0001643254163 0.0 7.002866118e-05 5.695009298e-07
4.185 0.0002647006511 0.0001537627976 0.001606455973 0.001919063575 0.0001076793901 1.224516213e-05 0.01079726385 0.0002567373873 0.0001109005225 0.0 0.001874748703 0.0001779481373 1.953470067e-05 5.797721733e-06 0.0005742488291 0.0 0.0002043419443 5.34912372e-06 0.0001699312702 6.126266559e-06
4.288333333 0.000439236198 0.0003262222081 0.00282643324 0.003277032224 0.0002592343424 2.509181661e-05 0.01290350371 0.000392237417 0.0002066456911 4.560484206e-06 0.003948907427 0.0003542449588 7.498805635e-05 1.034106808e-06 0.0008874672012 2.622001353e-06 0.0003306415516 3.651863291e-05 0.0003291430167 0.0
4.391666667 0.0006451904257 0.0006068018044 0.00476931892 0.005519229247 0.0004332161148 4.014427308e-05 0.01663570298 0.0006230875764 0.0004290996363 1.223264769e-05 0.007738618416 0.0006282689195 0.0002064641166 3.868354144e-07 0.001572632707 1.324799671e-05 0.000647589118 0.0001011604475 0.0005795138548 1.576086668e-05
4.495 0.00113560448 0.001028760746 0.007122287541 0.008787202235 0.0007343015099 3.838667458e-05 0.0210617412 0.0009755710619 0.0008735415389 4.96565665e-05 0.01273921133 0.001106179014 0.00040068878 1.199411317e-05 0.002664344772 3.694799407e-05 0.001166138721 0.0001516414105 0.0009559420985 4.470634948e-05
4.598333333 0.002015807233 0.001963662522 0.01064413042 0.01346331622 0.001537686999 7.808204614e-05 0.02729551189 0.001537248714 0.001676433384 9.27631023e-05 0.01966198613 0.002038440675 0.0008478350978 5.115484745e-05 0.003931435181 4.966275957e-05 0.002005716064 0.0002647541181 0.001591407349 0.0001008987241
4.701666667 0.003132588688 0.003194061114 0.01497525593 0.0198847145 0.002679627285 0.0001599626705 0.03703476207 0.002263754109 0.003448151901 0.0001757319373 0.02869646771 0.003380469547 0.001549341208 5.438719667e-05 0.005596850273 0.0001213710813 0.003262350445 0.0004994547614 0.002679673406 0.0002100240049
4.805 0.004936116104 0.005480808175 0.02109162895 0.02839663133 0.004858493841 0.0003548292434 0.04990834145 0.003572906036 0.006461777028 0.000258169026 0.04078938718 0.005561790147 0.002568078368 8.784387553e-05 0.008109086723 0.0002406900032 0.0053841134 0.0008534527885 0.004121339192 0.000289302399
4.908333333 0.007262368556 0.008374040544 0.02794334717 0.03948212863 0.008087223782 0.0006221909616 0.06683210434 0.005634278039 0.0112793428 0.0004944625254 0.05584692032 0.008562302462 0.004071657024 0.0001800830832 0.01102542184 0.0004781058227 0.008955599518 0.001557936055 0.005978606152 0.0004613787176
5.011666667 0.01096514959 0.01263088007 0.03679667515 0.05291775105 0.01335632684 0.0009502808922 0.08805667738 0.007989645652 0.01790706056 0.0009451839371 0.075406173 0.01275850699 0.006323780868 0.0003319149266 0.0145647641 0.0009075906643 0.01436974132 0.002533019209 0.008914251715 0.0009644937874
5.115 0.01623271579 0.01861405024 0.04841347192 0.06859900978 0.02128971542 0.001713216732 0.1153857429 0.01241638522 0.02788388394 0.001627955161 0.1008361416 0.0190600277 0.009452662542 0.0006063534889 0.01960724791 0.001548568269 0.02189953553 0.00406910678 0.01309725062 0.001568384375
5.218333333 0.02355171807 0.02677174949 0.06191482083 0.08984561471 0.03271165347 0.002745148379 0.1476424816 0.01839892938 0.04160386955 0.002871246784 0.133850298 0.02659525587 0.0127986542 0.0009988338085 0.02618834984 0.002592038895 0.03204524743 0.006278418753 0.01853978929 0.002417015815
5.321666667 0.0329830931 0.03787263753 0.0784913149 0.1130386751 0.04713285368 0.004237418702 0.1862919576 0.02625983673 0.05887199563 0.004676905995 0.1724245812 0.03737959432 0.01806597497 0.001563837887 0.03585827297 0.004282404172 0.04564352398 0.009404083352 0.02616858676 0.003670191874
5.425 0.04532968052 0.05245163246 0.09909209282 0.1412359379 0.06556918682 0.00668331278 0.2303020365 0.03702986478 0.08128689385 0.007489971111 0.2177519709 0.05125287549 0.02399490573 0.002814838543 0.04837293891 0.006389275301 0.06329312365 0.01377508384 0.03557229528 0.00553895899
5.528333333 0.06148774472 0.0708344067 0.1225536924 0.1731417322 0.0891237965 0.0103350172 0.2766350381 0.05109631347 0.1095424821 0.01153843641 0.2699029354 0.06840765782 0.03217667077 0.00439308666 0.06299024127 0.009708708728 0.08453022561 0.02054672191 0.04650667283 0.008278553686
5.631666667 0.08202475284 0.09442977606 0.1516470108 0.2108051413 0.1153704272 0.0153853434 0.3275959744 0.06779465925 0.1447737866 0.01754329825 0.3250923591 0.09017085322 0.04224834362 0.006394141116 0.08200947172 0.01414419733 0.1114421721 0.02940413359 0.05992352609 0.01249771709
5.735 0.1067394802 0.1224386815 0.1843292076 0.252942681 0.1482259283 0.02213417895 0.3785781187 0.08927096023 0.1843765353 0.02551522511 0.3845755765 0.1145208546 0.05504274368 0.009460713342 0.1033462755 0.01949081473 0.1409393491 0.03951317554 0.07670300782 0.01774974691
5.838333333 0.1354943105 0.1530149471 0.222567359 0.2971635326 0.1839610805 0.0313946018 0.429695991 0.1132842271 0.2277991718 0.03611620132 0.4449000756 0.1437926441 0.06990859713 0.013658314 0.1283448122 0.02770555472 0.1757374772 0.05304892166 0.09496694452 0.02487667145
5.941666667 0.1693445948 0.1914839571 0.2661049452 0.3460782712 0.2249604029 0.04242470528 0.4850544511 0.1424229793 0.275590757 0.04885771243 0.5114282792 0.1781571516 0.0880153216 0.0194833718 0.1572749978 0.03753022626 0.2161559807 0.07018203667 0.1174777534 0.03490988313
6.045 0.2074250898 0.2340584019 0.3117066646 0.3972242907 0.2711002229 0.0571841913 0.5444968872 0.1754106929 0.3291116051 0.0655266443 0.5815338788 0.216895469 0.1108006944 0.02701099094 0.190912069 0.05045939093 0.26156776 0.09057068368 0.1431886911 0.04618185453
6.148333333 0.250141848 0.2798940738 0.3600140659 0.4492076882 0.3215190127 0.0746240164 0.6071437665 0.2130148005 0.3842560417 0.0865862973 0.6542231515 0.260145332 0.1354921868 0.03633400905 0.2312465191 0.06626678708 0.3109991354 0.1152038119 0.1716514415 0.0612100511
6.251666667 0.2950651157 0.3290959495 0.4109273125 0.5012294284 0.3749243315 0.09715933092 0.6694647983 0.2546922977 0.4449053849 0.1110519927 0.7204254567 0.3090626745 0.1650825068 0.04849076216 0.276796849 0.08594608791 0.3631836563 0.1435374372 0.2074595119 0.08070967731
6.355 0.3435986832 0.3815850809 0.4607164487 0.5519028851 0.4321834008 0.1244247505 0.7290590466 0.2997036585 0.5056852453 0.1412758163 0.7790193243 0.3625291625 0.1968222803 0.06318608193 0.3251151205 0.1101814166 0.4207876757 0.1773833607 0.2471097996 0.1039081149
6.458333333 0.3930870052 0.436602984 0.5091730683 0.5999363869 0.4948990809 0.1552353201 0.7897360202 0.3489103743 0.5694007749 0.1776203341 0.8324626965 0.4177795334 0.2361305974 0.08290852951 0.3767328872 0.1384380951 0.4809924768 0.2155443585 0.2901902874 0.1311836503
6.561666667 0.4442991594 0.4932281158 0.558386889 0.6431654381 0.5521477543 0.1911076181 0.8453512313 0.4034007771 0.6343547005 0.2186735556 0.8800104595 0.4759122956 0.2799090065 0.1074181858 0.4317745509 0.1725520097 0.5417325234 0.2572148583 0.3404931335 0.1641459714
6.665 0.4954977284 0.5497053753 0.5996348564 0.6849033587 0.6103054382 0.2321375358 0.8949258931 0.4610288921 0.6973882812 0.2642462517 0.9241311032 0.5361897935 0.3272213151 0.1380767044 0.4883146909 0.2135286559 0.6035993409 0.3026722646 0.3944364364 0.2029127482
6.768333333 0.5418915797 0.6026837373 0.6372609701 0.7228089272 0.665492666 0.2773974356 0.9405285009 0.5224608896 0.7586259752 0.3132313843 0.960764413 0.6002276866 0.3812244077 0.1748792794 0.5477831471 0.2591121177 0.6643566196 0.3530658087 0.4509341126 0.2467776515
6.871666667 0.5885652569 0.6584052316 0.6714485256 0.7564318907 0.7178991817 0.3268241824 0.9801259799 0.5849509706 0.8238388029 0.3706706388 0.9930497627 0.6615939474 0.4364853424 0.2190523631 0.6073578092 0.3108378562 0.7240992491 0.4058000885 0.5158987781 0.2973249571
6.975 0.6313107266 0.7094544308 0.7005186953 0.7843900478 0.7665219198 0.3804995337 1.006227923 0.6504637736 0.8801981814 0.4304515258 1.021542125 0.7213663802 0.4998246257 0.2702963913 0.6685724196 0.3687078645 0.7807690934 0.463284826 0.581015216 0.352308867
7.078333333 0.6723649802 0.7557937824 0.7269422371 0.8094405762 0.810016149 0.4363586761 1.023564172 0.7106660946 0.9337522864 0.4947812128 1.041923359 0.7832060381 0.5629309413 0.3281076116 0.7269271702 0.4307410919 0.8339180428 0.5219296994 0.647094791 0.4122550143
7.181666667 0.7129483007 0.8044920029 0.7523279733 0.8352457794 0.849023189 0.4953917213 1.030068095 0.7667147406 0.9841428621 0.5626603353 1.05150362 0.8390618379 0.6249690096 0.3925775289 0.7845798423 0.5001649003 0.8838843326 0.5811909518 0.7143732506 0.4785223256
7.285 0.7520831039 0.8511714195 0.7757100211 0.8607271556 0.8840629279 0.556218676 1.027456557 0.8213901575 1.029844417 0.6333683196 1.059348475 0.8900623979 0.6897523503 0.461222674 0.8427074374 0.5719679763 0.9320516746 0.6434638639 0.7789418586 0.546804323
7.388333333 0.7896863002 0.8939708071 0.796431831 0.8834134164 0.915586216 0.6180851324 1.017314568 0.8715069692 1.068745675 0.7032223338 1.057911862 0.9361423265 0.7505525506 0.5346924543 0.8965176022 0.6456941455 0.9766358823 0.7052194561 0.8452489588 0.6166614023
7.491666667 0.8254163355 0.9361509674 0.8177404411 0.906199361 0.9416350549 0.680554342 0.9978839509 0.9113728516 1.10103362 0.7769612991 1.050274475 0.9771149716 0.8093551675 0.6114372371 0.9451758968 0.7234371526 1.013525437 0.7662326874 0.9079333328 0.6882720496
7.595 0.8597141735 0.9799794444 0.8402519124 0.9298092609 0.962205189 0.742827762 0.9786612566 0.9451385014 1.125292349 0.8499029357 1.03379366 1.012604113 0.8628638111 0.6863299532 0.9898347109 0.7991552208 1.048385259 0.8272442626 0.9653710382 0.7635426321
7.698333333 0.8976448144 1.023252619 0.8640608395 0.9519714727 0.9818500096 0.8010089056 0.9533004477 0.9744358615 1.145009731 0.9177592351 1.013398008 1.040357666 0.9136343876 0.7629198587 1.029436532 0.8748529093 1.077946837 0.8872273838 1.019401547 0.8357833796
7.801666667 0.9317340423 1.06277857 0.8882262679 0.9744168713 0.9963512467 0.8587930813 0.9276686375 0.9953849197 1.159231689 0.9862453801 0.9881834928 1.064038277 0.9569298667 0.8381375168 1.064096532 0.9491729781 1.100316729 0.943668936 1.066687756 0.9044179012
7.905 0.9663701585 1.100815532 0.9157561531 1.000005913 1.007194132 0.9170593722 0.9023048498 1.013148506 1.168136048 1.050750187 0.9625444364 1.08129161 0.9972775405 0.9076723142 1.091277673 1.017996359 1.121234321 0.9994325119 1.109224243 0.9697352736
8.008333333 1.001530632 1.140010628 0.9410796701 1.025459773 1.017033741 0.968957646 0.877404162 1.02496411 1.175607433 1.111381357 0.9403402982 1.097888647 1.034324609 0.9740268801 1.113369191 1.083349216 1.139016568 1.050117121 1.146980557 1.032586582
8.111666667 1.035523687 1.174471155 0.9697444152 1.046687091 1.026119761 1.018988115 0.8557298015 1.036014626 1.181535337 1.170974072 0.9211329484 1.108693003 1.064827419 1.036234542 1.132036275 1.145612764 1.155329147 1.100558452 1.179608241 1.086095077
8.215 1.067184447 1.208119699 0.9984120734 1.072724827 1.03513523 1.06721069 0.8369003993 1.043066679 1.18437127 1.223110417 0.9025498869 1.117070363 1.092199914 1.09168476 1.146128014 1.198474163 1.168360594 1.147682117 1.205109975 1.137637642
8.318333333 1.09809452 1.23563511 1.025744206 1.094616309 1.042654797 1.110582633 0.8202286874 1.048536181 1.185162022 1.270335443 0.8850241097 1.120159936 1.114888333 1.141881183 1.156081743 1.243466747 1.17907001 1.189793521 1.223553387 1.182872024
8.421666667 1.127170399 1.259756779 1.051961353 1.119013242 1.050247685 1.150613213 0.8079039685 1.055328781 1.182155446 1.314464326 0.8723055722 1.124536957 1.135847569 1.185237958 1.163017928 1.286569227 1.189122003 1.230986296 1.239680705 1.220827459
8.525 1.152915326 1.284582121 1.078360165 1.13727579 1.058160056 1.18835296 0.7994862344 1.061036615 1.179260106 1.354726067 0.8625768055 1.127469411 1.150426219 1.22286201 1.167390171 1.319909406 1.197373676 1.265395884 1.252464501 1.254539173
8.628333333 1.175744247 1.303647258 1.103330014 1.15673648 1.0626441 1.223488188 0.7966951138 1.065451522 1.175105219 1.389724712 0.8557248204 1.126729406 1.163948063 1.257120782 1.170555481 1.350235678 1.204042316 1.296997106 1.260272385 1.282235508
8.731666667 1.197987715 1.320584214 1.12157065 1.170182401 1.06686714 1.255042436 0.7967398329 1.07059941 1.1709334 1.418010663 0.8520337431 1.129416969 1.175306106 1.286133899 1.17193015 1.37115915 1.209682539 1.325207312 1.264397832 1.304228425
8.835 1.218828987 1.335496275 1.140707973 1.184112035 1.071637669 1.280589522 0.8019108754 1.080808806 1.16653026 1.439562732 0.8529554584 1.13054969 1.186008455 1.308830629 1.17226565 1.386600255 1.215533529 1.347609732 1.26699475 1.321284731
8.938333333 1.233198271 1.345164145 1.159751551 1.193870174 1.078023511 1.304186611 0.811676222 1.088917916 1.162884228 1.459135563 0.8563555469 1.133209548 1.191965894 1.330331008 1.172776253 1.400557287 1.2150682 1.365219842 1.263864535 1.334994122
9.041666667 1.248148397 1.35420125 1.174521555 1.202055807 1.081472883 1.325042179 0.8241501398 1.098846378 1.157864878 1.468485832 0.8639716845 1.139774078 1.198481323 1.346594779 1.172702836 1.408590079 1.214674372 1.37808531 1.261981724 1.344326571
9.145 1.259577836 1.356460738 1.185030312 1.206080964 1.085614505 1.343215388 0.8413318362 1.114133069 1.150982491 1.476843494 0.8758608137 1.144936774 1.206458644 1.363429339 1.173230975 1.414635168 1.212755943 1.387455996 1.25792808 1.351223149
9.248333333 1.267288301 1.357250978 1.193214863 1.208709126 1.089313737 1.357086693 0.8610007296 1.12787331 1.143767043 1.481206016 0.8934027141 1.152475879 1.212946456 1.377477323 1.17417645 1.41690714 1.20804878 1.395258637 1.256757725 1.353956796
9.351666667 1.276994045 1.35464459 1.198732635 1.210914038 1.094381309 1.368798646 0.8839847439 1.141869628 1.136686671 1.479276926 0.9123309284 1.160465842 1.217568104 1.388845675 1.176827691 1.416747739 1.204312834 1.394395645 1.252685482 1.356292527
9.455 1.278852295 1.350656566 1.202833525 1.210342051 1.096570407 1.374524165 0.9084204593 1.158521651 1.128896749 1.473232354 0.9361186317 1.16992394 1.224906415 1.3975181 1.182434591 1.411489888 1.201090133 1.393743272 1.249352215 1.355089492
9.558333333 1.282138297 1.34152628 1.207116683 1.209211506 1.098342721 1.377772995 0.9336137296 1.174948953 1.120611559 1.463318518 0.9660897852 1.180625741 1.231160475 1.403631563 1.185249603 1.408817726 1.196480648 1.391513094 1.24373397 1.354231457
9.661666667 1.281607623 1.33304915 1.2113474 1.207443936 1.098621117 1.380245006 0.9605925047 1.192868041 1.11148867 1.451453147 1.001200578 1.191120799 1.24001195 1.411730357 1.190124223 1.402529463 1.188859759 1.382950965 1.243990473 1.351679042
9.765 1.279173706 1.322395015 1.209596253 1.203631161 1.098223943 1.376995842 0.9885409541 1.209812203 1.100047293 1.437509944 1.039265415 1.205179735 1.244309962 1.416376718 1.197362382 1.394315844 1.182860873 1.37153718 1.241983879 1.35145762
9.868333333 1.275195803 1.306578291 1.210541506 1.199238124 1.097085004 1.373572087 1.015922702 1.228910279 1.090405952 1.418528668 1.077214961 1.21705379 1.251270143 1.419700315 1.202169769 1.386802112 1.17795095 1.359974928 1.241206662 1.346577212
9.971666667 1.268844955 1.290599054 1.211839002 1.196399169 1.097227107 1.367300281 1.041996831 1.246221517 1.079246646 1.3984794 1.114625771 1.228977889 1.256255626 1.421579293 1.208686177 1.377356074 1.168922764 1.349033 1.242285496 1.34158576
10.075 1.261694267 1.273488934 1.211313783 1.190338008 1.094560102 1.359278115 1.068925301 1.262318398 1.067692067 1.376296202 1.151117041 1.241683399 1.261108243 1.422360787 1.214714384 1.368736966 1.159548436 1.333757397 1.241553442 1.338035705
10.17833333 1.252786762 1.254881182 1.211301481 1.186299037 1.092794058 1.34577616 1.095023955 1.276984902 1.057601644 1.351870579 1.183715125 1.249929653 1.265225183 1.420849482 1.221662643 1.359802465 1.15120635 1.318131147 1.243587122 1.334873481
10.28166667 1.244587013 1.235077428 1.211552693 1.182113089 1.091511585 1.336565752 1.117382309 1.291755377 1.048191688 1.328075456 1.211625597 1.258943372 1.268264654 1.413951163 1.228213273 1.348929666 1.140690286 1.301081517 1.245423014 1.332154336
10.385 1.235543214 1.215572162 1.209418077 1.175174782 1.093171443 1.325424174 1.137898055 1.301578322 1.038485469 1.303208214 1.235482212 1.268778249 1.2722234 1.406822209 1.233493762 1.33690105 1.130987172 1.283023468 1.246755879 1.326330012
10.48833333 1.225419796 1.195689599 1.206638477 1.168788963 1.092686515 1.311629788 1.157382423 1.306251502 1.0297663 1.275740053 1.254954777 1.276258092 1.272194376 1.397487333 1.238648803 1.325812268 1.121823821 1.266082856 1.248408928 1.321010196
10.59166667 1.214378247 1.174393433 1.20138736 1.161806062 1.095872783 1.299706427 1.170997891 1.308263716 1.023878489 1.249226429 1.268897911 1.279278455 1.27213392 1.387121723 1.241987071 1.313378393 1.11454398 1.249774325 1.249096545 1.313168056
10.695 1.204579727 1.154677745 1.195411252 1.154429634 1.099061844 1.288630481 1.184472478 1.308773785 1.019814824 1.227004642 1.279269665 1.28161207 1.270757026 1.374396678 1.244387491 1.303169723 1.107175794 1.231032734 1.249689846 1.305841486
10.79833333 1.197146483 1.135169789 1.189801906 1.147913849 1.102932656 1.277899726 1.194668943 1.301764996 1.016396807 1.204433068 1.281587221 1.281121696 1.26806396 1.357742851 1.246685091 1.288449127 1.102399788 1.215327496 1.248023813 1.29814885
10.90166667 1.188913201 1.114878309 1.184489424 1.140279749 1.108288564 1.268016689 1.200619493 1.295932158 1.014021358 1.18016422 1.279105443 1.27950579 1.262310258 1.34034108 1.245523581 1.276900053 1.096715259 1.198863569 1.244230186 1.289961365
11.005 1.180450381 1.096472495 1.175920042 1.132291405 1.116075402 1.259646206 1.202648612 1.285483655 1.015250653 1.158241162 1.273553906 1.274742378 1.251798179 1.319448515 1.246376212 1.260781359 1.09259439 1.183794696 1.238231927 1.278984334
11.10833333 1.172483185 1.079411832 1.166236118 1.123861922 1.12356675 1.248692065 1.204319562 1.272321785 1.018400169 1.138880134 1.266014858 1.268819971 1.24532756 1.298439704 1.246023693 1.245210392 1.090324339 1.167570144 1.231844125 1.266745191
11.21166667 1.16446433 1.062944934 1.156088226 1.115494166 1.12982695 1.240659531 1.201809499 1.259625664 1.024040601 1.118908021 1.258963226 1.259212311 1.23534601 1.276095653 1.241728301 1.229454041 1.089934826 1.153846097 1.221548167 1.253640017
11.315 1.157971384 1.048737835 1.145052915 1.104930963 1.136878566 1.232855718 1.193994144 1.243329606 1.031232021 1.10265618 1.249814963 1.247863797 1.220845387 1.251456814 1.238031469 1.210333501 1.089638824 1.141832945 1.212256002 1.237635826
11.41833333 1.151846468 1.035507918 1.131889884 1.093667148 1.146373809 1.224158843 1.186511555 1.224072583 1.041643779 1.088456795 1.240472592 1.234607314 1.206678833 1.22708331 1.232361925 1.190750851 1.089908058 1.130453085 1.199194872 1.219742397
11.52166667 1.144192904 1.021787824 1.121369796 1.085989811 1.154071245 1.215395637 1.177813991 1.20168127 1.054866311 1.074204968 1.229166261 1.217236767 1.190851851 1.199646113 1.226092396 1.171531679 1.093540862 1.118894193 1.185366141 1.203569605
11.625 1.137429695 1.010726044 1.109057219 1.07590424 1.158365148 1.205788101 1.165742939 1.176644589 1.069213206 1.062734794 1.216727177 1.199043276 1.172703732 1.173264295 1.220462163 1.153428084 1.094790711 1.108529824 1.168725642 1.186647833
11.72833333 1.130500661 1.001549195 1.097077055 1.064327288 1.162227809 1.193774741 1.15373808 1.151293448 1.084852805 1.050632241 1.203180229 1.179594944 1.153585664 1.145650032 1.210331133 1.134484894 1.097576586 1.097961605 1.151418802 1.166487912
11.83166667 1.124772212 0.993367004 1.08670995 1.052360107 1.163329431 1.182226974 1.137888637 1.125428438 1.10092311 1.041758049 1.188484859 1.159802039 1.135631262 1.117030345 1.197629243 1.111678823 1.098631065 1.086382221 1.137235677 1.147387685
11.935 1.115861055 0.9861574711 1.074664189 1.041579619 1.164356511 1.168719348 1.120981738 1.099344329 1.116461925 1.030504923 1.172910858 1.137493794 1.113648524 1.08810522 1.182484849 1.090464092 1.100734479 1.080047655 1.117083331 1.126062105
12.03833333 1.10894561 0.9802677024 1.063307108 1.030832968 1.162807416 1.153628506 1.105618843 1.071980433 1.127669599 1.021747033 1.157137737 1.115017618 1.093071672 1.060904417 1.16670874 1.068624542 1.103112169 1.070933867 1.099782597 1.105060451
12.14166667 1.101764994 0.9735717262 1.053230039 1.019270713 1.160054956 1.136181604 1.090000528 1.043621276 1.137224188 1.012938286 1.141567491 1.091961778 1.072095074 1.031080411 1.147309764 1.047705489 1.102095887 1.063030736 1.08250054 1.083321117
12.245 1.092021431 0.9682600358 1.044082673 1.0082609 1.153660945 1.118348591 1.073786069 1.017806396 1.142848031 1.006652974 1.124835861 1.070824504 1.051397274 1.003976021 1.127048022 1.027546933 1.097649216 1.052170695 1.063027704 1.063254119
12.34833333 1.083911513 0.9659299391 1.03453846 0.9991162464 1.14567651 1.099237806 1.057910763 0.9937220729 1.144521072 1.000205847 1.106806055 1.046946636 1.032002312 0.9787124262 1.105217062 1.007636971 1.096143279 1.044361536 1.043806929 1.042177884
12.45166667 1.074411762 0.963362808 1.02523976 0.9903509484 1.137981397 1.079071985 1.041606577 0.970708782 1.144262707 0.9911573649 1.087846942 1.024960123 1.012116234 0.9532498768 1.082916127 0.9876746892 1.092585115 1.035894271 1.026519683 1.020826104
12.555 1.065651191 0.9606611774 1.018709602 0.9805973569 1.126475056 1.059355957 1.028110502 0.9503201546 1.141339662 0.9826587016 1.067092822 1.00389237 0.9938189638 0.930428383 1.056473238 0.9663434315 1.086012255 1.026096828 1.006404907 0.9991703897
12.65833333 1.056506626 0.9575757186 1.010136244 0.9731483888 1.115610518 1.039980353 1.016214891 0.9318282153 1.134548999 0.9755112082 1.045659781 0.9830525349 0.9765756348 0.9104184007 1.034318824 0.9481672317 1.078221403 1.01741467 0.9873373126 0.9777661151
12.76166667 1.045483935 0.9572568464 1.002342208 0.9657554716 1.10318469 1.020904255 1.006459678 0.9159117105 1.125951997 0.967128364 1.023287396 0.9629163365 0.9594765638 0.8928964986 1.009045259 0.9290071955 1.069224429 1.008926249 0.9674814657 0.958142806
12.865 1.034652655 0.9561414918 0.9941881287 0.9596758653 1.090896905 1.001425293 0.9980449198 0.9022754759 1.115231608 0.9586927634 1.00167968 0.9440309605 0.9446251198 0.87551745 0.9855651653 0.9110627063 1.06058541 0.9976576308 0.949235364 0.9405156105
12.96833333 1.022981975 0.9541011681 0.9878973608 0.9547833029 1.079979214 0.9828595901 0.9917613051 0.892809427 1.102394173 0.950274073 0.9803356391 0.926175849 0.931929485 0.8622639977 0.9616938474 0.893218601 1.049594809 0.9873969614 0.9307536915 0.9223171693
13.07166667 1.012459436 0.95208976 0.978945723 0.9486011161 1.067391079 0.9652833388 0.9873829576 0.8842508012 1.088587434 0.9408374128 0.9613205043 0.9081387008 0.9211679903 0.8509745793 0.9385960395 0.8791108797 1.039101959 0.9771448303 0.9123671729 0.9062446255
13.175 1.001984068 0.952580143 0.9721312905 0.943628932 1.054619454 0.949060982 0.9849913975 0.8775327604 1.073190888 0.9326883091 0.9456395169 0.8937300412 0.9118391052 0.8401306437 0.9181693577 0.8630354652 1.027470488 0.967926198 0.8970416083 0.888037832
13.27833333 0.9906188 0.9507649132 0.9647203941 0.9405159041 1.044455339 0.9333894554 0.9848127832 0.873667056 1.059352024 0.9241511973 0.9305832505 0.879234296 0.9040521441 0.8324567455 0.8986133548 0.848402814 1.01502124 0.9562810919 0.882300576 0.8737362445
13.38166667 0.9800911327 0.9490479721 0.9573946044 0.9366730363 1.034479344 0.9196715592 0.9854967545 0.8722122054 1.044431734 0.9153052721 0.9201655371 0.8656807776 0.895540438 0.8253480555 0.8811341778 0.8369876607 1.003214618 0.9462102151 0.869016453 0.8599957581
13.485 0.967636344 0.9455465615 0.949685963 0.934567145 1.025103946 0.9092647865 0.9870569725 0.8719896659 1.030014919 0.9063047536 0.9092772354 0.8561605972 0.8908467118 0.8227751161 0.8664712281 0.8261911574 0.991838662 0.9376085427 0.8572026296 0.8494425128
13.58833333 0.9562488497 0.9444546466 0.9437703873 0.9325757126 1.016963985 0.898139219 0.9902252672 0.8734432713 1.015815544 0.8974320249 0.9011629643 0.8470063324 0.8875395989 0.818715586 0.8537160884 0.81638367 0.9807397182 0.927577728 0.8474098055 0.8381728447
13.69166667 0.9457894073 0.9407252889 0.9376821385 0.9311868241 1.009231455 0.8889185191 0.9942925151 0.8761157716 1.001920811 0.8882017856 0.8969548867 0.8388688634 0.8860305879 0.8161469808 0.842254169 0.8076382723 0.9706503223 0.917820096 0.8403690389 0.8291564495
13.795 0.9360099107 0.9381634976 0.9302006176 0.930035164 1.002668631 0.8813880579 0.9976720689 0.8789481017 0.9886881329 0.8807916035 0.892913193 0.8339086954 0.8855793525 0.8157212527 0.8351677751 0.8017343653 0.9605485743 0.9083490936 0.8343083132 0.8233273671
13.89833333 0.9261756325 0.9363307085 0.9256358053 0.9280583612 0.997293655 0.8748323511 1.002865346 0.885529691 0.9766947582 0.8744672551 0.8913634381 0.8307348815 0.8864149298 0.8176724353 0.8282843908 0.7976745403 0.9502678075 0.8998936931 0.830020531 0.8189923703
14.00166667 0.9169123328 0.933866564 0.9201027293 0.9282477162 0.991213811 0.8684808496 1.007629861 0.8909677292 0.9658557332 0.8683066515 0.8897759704 0.8286626355 0.887753093 0.8193698562 0.8231655684 0.7947879796 0.9423512264 0.8922075073 0.8285811378 0.8151440361
14.105 0.9086531292 0.9314402632 0.9150691644 0.9269097513 0.9871738483 0.8657716147 1.013107008 0.8968164363 0.9565266598 0.8629500725 0.8900615134 0.8294765636 0.8897418566 0.8226905178 0.8214837996 0.7936717812 0.9365490424 0.8882756237 0.8282062241 0.8130700008
14.20833333 0.9017938233 0.9274720418 0.9130574203 0.92716913 0.9831653764 0.861478808 1.016855974 0.9029949922 0.9478613238 0.8580236833 0.8927896975 0.8305473757 0.8929402942 0.8268422834 0.8201850137 0.7930266599 0.9296514003 0.8819735374 0.8295574599 0.8126307873
14.31166667 0.8931944313 0.9236431485 0.910195089 0.9265879901 0.9793254718 0.8590373174 1.020013729 0.9095327399 0.9404719119 0.8550474636 0.8959124347 0.8332638045 0.8968361099 0.8319322098 0.8206425301 0.7946316462 0.9246710065 0.8774394203 0.8313277563 0.8142796772
14.415 0.8845543684 0.920899981 0.9082766298 0.9272256683 0.9752228116 0.8576704447 1.023126945 0.917125835 0.9352942587 0.8520625187 0.9005956888 0.8378659048 0.9026585888 0.8403221797 0.8231989846 0.7975250496 0.9211296681 0.8741642213 0.8361607725 0.8168453093
14.51833333 0.8794619962 0.9194069638 0.9070017443 0.9277155175 0.9713826621 0.8556514093 1.026748735 0.9255501078 0.9317400818 0.8504802134 0.9058782925 0.8422286427 0.9089648373 0.8463074958 0.8265564359 0.8019365138 0.9172117683 0.8719441584 0.8410167915 0.8205469862
14.62166667 0.8743544995 0.9162482156 0.9073358688 0.9281003613 0.9686942061 0.8555584405 1.02915477 0.9331138623 0.9287169237 0.8516364192 0.9115594345 0.8477860042 0.9138736763 0.8535909013 0.830593759 0.8086458836 0.915662976 0.8714719794 0.8478844614 0.8257948759
14.725 0.8697947299 0.9144472213 0.9080770873 0.9290096204 0.9645180386 0.8544600543 1.02990845 0.939139562 0.9279446919 0.8520937618 0.9186532925 0.8557164416 0.9182790502 0.8625204393 0.835597857 0.8152427718 0.9135462984 0.870966733 0.8553215259 0.8320494686
14.82833333 0.8655769521 0.9129052002 0.9099495452 0.9301307178 0.9595896448 0.8545489978 1.03228799 0.9456458863 0.9275962571 0.8548501521 0.924195909 0.8637920575 0.9264351129 0.8705525957 0.8426756841 0.8237432455 0.912024188 0.870647475 0.8631355384 0.8386918739
14.93166667 0.8636492818 0.9116949302 0.9116908097 0.9321451675 0.9557562286 0.8546766666 1.031580531 0.9526521782 0.9277032999 0.8573543535 0.9310373322 0.8715427417 0.9319007074 0.8788580747 0.8520800683 0.8326172471 0.9109140384 0.8713897818 0.8710652775 0.8472725151
15.035 0.8610712155 0.911008054 0.9155337112 0.9340963039 0.9522006887 0.8546408074 1.03164332 0.9594847891 0.9286250738 0.8601085801 0.9380338701 0.8815583803 0.9364778083 0.8879562955 0.8598179351 0.842815557 0.9111016953 0.8730314185 0.8810505401 0.8556697124
15.13833333 0.858228213 0.9098768552 0.9180276223 0.9372275037 0.9476492516 0.8559312661 1.031056658 0.965162502 0.9289918157 0.8649372498 0.9441642022 0.8906776694 0.943303579 0.8969150123 0.8689074032 0.853392493 0.9115902119 0.8760970224 0.890171131 0.8637330205
15.24166667 0.8589386675 0.9113151939 0.922316119 0.94118944 0.9435832925 0.8563330729 1.030190631 0.9704302353 0.9289922912 0.8694398835 0.9504329886 0.8991961945 0.9499223076 0.9052182297 0.8780146417 0.865616759 0.9117099376 0.8792088622 0.8987934484 0.8731230159
15.345 0.8591622776 0.9113107287 0.9259086992 0.9437956554 0.9393015106 0.8579774446 1.027740844 0.9747763941 0.9303682825 0.8747027043 0.9580394115 0.9097429606 0.9535994886 0.9159422884 0.888754722 0.8768897458 0.9122046712 0.8818134824 0.90733161 0.8841101268
15.44833333 0.8596430392 0.9128761595 0.9304128754 0.9476878407 0.935895743 0.8596404576 1.023946805 0.9790839127 0.9314385076 0.8800422742 0.9650835061 0.9185069356 0.9589244001 0.9265600946 0.9003325131 0.8890758017 0.9134250994 0.885000378 0.917025158 0.893568469
15.55166667 0.8619567192 0.9149121229 0.934816593 0.9516691237 0.9321668234 0.8610204994 1.020243296 0.983465216 0.9331227226 0.8869698364 0.9718168596 0.9280974882 0.9624003553 0.9347558853 0.9103731185 0.9023593315 0.9149481464 0.8883181246 0.9260445584 0.9038072817
15.655 0.8652529909 0.918530505 0.9405977257 0.9552052277 0.9287378477 0.8640088383 1.018533557 0.9870429567 0.9332846291 0.8943719362 0.9784910919 0.9384755535 0.9669635241 0.9433310253 0.9208790238 0.913762682 0.9157983904 0.8924098214 0.9356733016 0.9142089476
15.75833333 0.8687118332 0.9204896962 0.9457046492 0.9613231046 0.9275004141 0.86765486 1.013712102 0.9903573097 0.9348166984 0.9016540837 0.9846443467 0.9487693669 0.9703882153 0.9520600143 0.9306421584 0.9260511145 0.9174465738 0.8974683559 0.9446073198 0.9248751154
15.86166667 0.8726918417 0.9257040745 0.9501428204 0.9652814499 0.9257844504 0.8708378318 1.010435627 0.9926145889 0.9362086224 0.9079705238 0.9905458471 0.9574796873 0.9741405954 0.9618658368 0.9414557228 0.9392114835 0.9201431921 0.901177704 0.953673546 0.9358261681
15.965 0.8779950772 0.93057572 0.955176559 0.9694319206 0.9244805174 0.8747413479 1.005232442 0.9945906615 0.9379484965 0.9143451161 0.9957173389 0.9654192741 0.9783401487 0.970359881 0.9516200307 0.950886855 0.9217727216 0.9060512123 0.9608817183 0.946308668
16.06833333 0.8841297378 0.9353509055 0.9612484873 0.9743777567 0.92310767 0.8794372142 1.00141491 0.9967190036 0.9398882496 0.9224928501 0.9993343461 0.9737133116 0.9807537716 0.9782758872 0.9592660531 0.9629969891 0.9235410341 0.9102179862 0.9685490544 0.9562505282
16.17166667 0.8902930332 0.9400198833 0.9662931576 0.9794864432 0.9233277954 0.8856753956 0.9977469049 0.9982394024 0.940787082 0.9297228112 1.000873368 0.9816978311 0.9845115929 0.9880753151 0.9673996545 0.9742418609 0.9247706406 0.9143922049 0.9770475062 0.9654132794
16.275 0.8981782307 0.9455555641 0.9727263366 0.9841932326 0.9236833045 0.8910929114 0.9939378864 1.000232352 0.9432668223 0.9371527709 1.002336465 0.9901532651 0.9863276136 0.9951200776 0.9759191137 0.9861176951 0.9271558559 0.9198124122 0.9852948269 0.9757324188
16.37833333 0.9041322295 0.951240783 0.9768773344 0.9884477116 0.9252038884 0.8981325658 0.9900124351 1.002161174 0.9457079177 0.9453125702 1.002473535 0.9965997355 0.9899516274 1.002420792 0.984233854 0.9978111652 0.9303372195 0.925244237 0.9918071603 0.9845277039
16.48166667 0.9131608712 0.9577663422 0.9826965363 0.9941871349 0.9268081958 0.904802545 0.9856557527 1.003792406 0.9473128818 0.9536173581 1.003115119 1.003923939 0.9919721403 1.010992933 0.9914585828 1.007972314 0.9333123277 0.9295882631 0.9987423579 0.9938901537
16.585 0.9210664418 0.9649509101 0.9885639358 0.9994420856 0.9280732311 0.9126233522 0.9822813173 1.004549433 0.9496775856 0.9610541637 1.002349728 1.010903088 0.9943562308 1.017662882 0.9969688259 1.018401448 0.9360053098 0.9354343506 1.005702799 1.002511219
16.68833333 0.9292403829 0.9716338023 0.9944374972 1.003533259 0.9312565951 0.9215611198 0.9786253169 1.006064748 0.9522644117 0.9701987482 1.00206451 1.016164808 0.9976583462 1.02417871 1.0036798 1.028663963 0.9391921576 0.9421711012 1.012170305 1.011297993
16.79166667 0.9390199985 0.9793161365 0.9991858412 1.008241264 0.9336881189 0.9306303799 0.9757745284 1.007746569 0.9554234008 0.9774353395 1.001577528 1.021981132 0.9994217034 1.031864074 1.009228341 1.037485167 0.9422935547 0.9477788864 1.017611239 1.018986573
16.895 0.9473564605 0.986358415 1.003726269 1.01230102 0.9364614151 0.9400198416 0.9731925203 1.008505714 0.9588469202 0.9855472372 1.001175045 1.026371496 1.001379217 1.038324174 1.013742631 1.046090315 0.9465932079 0.9542110563 1.023337417 1.024495829
16.99833333 0.9569173242 0.9928695631 1.008626556 1.016904807 0.9408285802 0.949676299 0.9707760166 1.010905969 0.9629278543 0.9935189621 1.001624319 1.03099159 1.003884526 1.043892942 1.017830053 1.053998731 0.9504965492 0.9608360972 1.028160825 1.032304263
17.10166667 0.9664248634 0.9994887668 1.01361163 1.019869373 0.9442376512 0.9598919597 0.9688502612 1.013107282 0.9653418387 1.001716911 1.002207329 1.034691549 1.004844736 1.049423442 1.022092893 1.061850678 0.9547988708 0.9675255935 1.033118406 1.037592369
17.205 0.9757382513 1.006984012 1.017419529 1.023004546 0.948952869 0.9692700233 0.9673100417 1.014927128 0.9691566762 1.008569065 1.001399808 1.039403006 1.007254526 1.05628603 1.025788827 1.069205446 0.9595867001 0.9737583496 1.037473771 1.044302075
17.30833333 0.9855888528 1.013467262 1.021946372 1.026579765 0.9535620685 0.9785880471 0.9670901492 1.015893903 0.9737010222 1.016602971 1.000043307 1.042067795 1.009158197 1.060957788 1.030286479 1.07486039 0.9646914697 0.9806402714 1.041479248 1.050173762
17.41166667 0.995516049 1.020570126 1.026694967 1.028677423 0.9572161972 0.9887454646 0.9658542891 1.01835642 0.9767313749 1.023898218 0.9983016455 1.044587649 1.011109755 1.064408931 1.032752567 1.080297536 0.9697712227 0.9881049727 1.044624035 1.054933271
17.515 1.00410288 1.025191334 1.029896917 1.032128632 0.9608717779 0.9985973394 0.9655268452 1.020241962 0.9811613727 1.031058541 0.9959807677 1.047828324 1.012342758 1.068363725 1.035035118 1.085015478 0.9755123087 0.996110081 1.048581156 1.058822662
17.61833333 1.014041064 1.03260189 1.032344192 1.033215873 0.9648971358 1.008144362 0.9643135781 1.021449508 0.9845972078 1.038429575 0.9941163012 1.050846023 1.012890502 1.071390377 1.038732841 1.089616006 0.9799544958 1.003671926 1.051410719 1.063753366
17.72166667 1.022814162 1.038155408 1.036558728 1.035980306 0.9687270743 1.016960402 0.9651403386 1.022574317 0.9896023438 1.044304621 0.9917814342 1.052506632 1.014866607 1.074466577 1.041875632 1.093998892 0.9859299336 1.01049723 1.054507638 1.067772086
17.825 1.031246581 1.043613595 1.039844811 1.037723147 0.9729203455 1.02429477 0.9655654032 1.023451075 0.9927599861 1.0509107 0.9901687316 1.054524493 1.015355913 1.077654345 1.044990548 1.096141201 0.9927624826 1.017652369 1.055714043 1.070685242
17.92833333 1.039047129 1.047747412 1.041569161 1.038717715 0.9758954017 1.034094531 0.9654979858 1.024545631 0.9964476774 1.057404785 0.9875418014 1.056568842 1.017242517 1.079065657 1.04695962 1.098116648 0.9976400855 1.025336786 1.058668065 1.073296843
18.03166667 1.047124729 1.051783078 1.04389713 1.039941973 0.9799814805 1.042467015 0.9657238037 1.02591296 1.00011592 1.063424078 0.9864619603 1.058165046 1.018547982 1.081217116 1.048287526 1.099656023 1.003117544 1.032770759 1.06012603 1.075218225
18.135 1.054350813 1.05604698 1.045401845 1.041226123 0.9831641693 1.050020513 0.9658360775 1.026632728 1.003478417 1.067866069 0.9860626113 1.058474449 1.019044407 1.081628061 1.049529133 1.101370704 1.008932318 1.038641237 1.06141856 1.078611933
18.23833333 1.060436175 1.06020796 1.046886683 1.041325965 0.9858296304 1.057155558 0.965946695 1.026791377 1.005635305 1.072017085 0.9854815137 1.060633212 1.020341425 1.081785692 1.050468534 1.101740418 1.013186123 1.044596651 1.062667236 1.080164989
18.34166667 1.067408563 1.062527832 1.0475307 1.041254461 0.9887776708 1.063374736 0.9659079092 1.027798009 1.009156783 1.076784601 0.9855800933 1.060202195 1.02151513 1.082509346 1.051089929 1.102211785 1.01872337 1.050189301 1.062886604 1.080985481
18.445 1.072477938 1.064219122 1.048134932 1.041645529 0.9922251711 1.068869118 0.9662494855 1.027650492 1.012055043 1.080300095 0.9850905891 1.059769413 1.022810116 1.082603422 1.051851677 1.100949908 1.024174188 1.05552873 1.063682436 1.08142368
18.54833333 1.076208766 1.065563787 1.048761986 1.041108682 0.9959454946 1.074142681 0.9674293011 1.027116467 1.013161123 1.082425138 0.9855076506 1.059693976 1.023681534 1.080531209 1.052029141 1.099228411 1.028240236 1.060849637 1.06295909 1.081257658
18.65166667 1.080591526 1.067651733 1.048984967 1.040709444 0.9977938626 1.078154985 0.9679360607 1.027472038 1.013752456 1.086255445 0.9857216002 1.057974605 1.024677218 1.078929809 1.051141321 1.09662027 1.033048374 1.064531189 1.063467649 1.080898692
18.755 1.08446385 1.068400788 1.048217931 1.040854473 1.000601106 1.081675465 0.9691957252 1.02660946 1.014155436 1.087249612 0.9867456409 1.058125381 1.02591287 1.076309616 1.0516706 1.094618905 1.035858001 1.068404413 1.063630843 1.080710538
18.85833333 1.08722077 1.070063293 1.04713227 1.039257453 1.003228298 1.085424422 0.9707558835 1.026173819 1.014942537 1.08889982 0.9870616186 1.056545901 1.025889318 1.07277952 1.051617695 1.092023374 1.040198719 1.072310948 1.062508462 1.080453321
18.96166667 1.089365516 1.068954679 1.045681238 1.037996154 1.004648519 1.087450252 0.9710485931 1.024999308 1.015820523 1.088961202 0.9883119326 1.055460811 1.026637597 1.069835142 1.051411114 1.088996437 1.04265157 1.075150428 1.061443365 1.077769806
19.065 1.091450419 1.068643448 1.04485694 1.037519791 1.007474754 1.089703963 0.9738659905 1.024874959 1.016154517 1.088622568 0.9906049232 1.054196571 1.026562863 1.066382866 1.050692906 1.084205002 1.045125534 1.077139492 1.05916288 1.07527709
19.16833333 1.092217678 1.068344858 1.043165087 1.035869762 1.009746955 1.091268992 0.975260879 1.023498302 1.016656307 1.088687265 0.9929048507 1.052119849 1.025871867 1.06254887 1.050343451 1.079339098 1.047191577 1.079266418 1.057002866 1.07234302
19.27166667 1.092340453 1.067105983 1.041098149 1.034034796 1.011800146 1.090650065 0.976638907 1.020798526 1.017052912 1.088180859 0.9963029792 1.049264205 1.026032153 1.058668488 1.04949376 1.075207816 1.048073436 1.079489184 1.055067113 1.070152426
19.375 1.09160832 1.065675761 1.039141827 1.032238667 1.013353583 1.091336912 0.9796502755 1.019558078 1.017719252 1.086804138 0.9986142647 1.047561717 1.026491778 1.053670893 1.048915081 1.070431705 1.04979004 1.080055815 1.05253103 1.067056984
19.47833333 1.090726786 1.063958628 1.03705847 1.029502053 1.014882232 1.090333235 0.9812889447 1.018136926 1.0170563 1.084122585 1.001988645 1.045394101 1.026106236 1.048512155 1.04744369 1.064963066 1.05029074 1.080064976 1.049574893 1.063494211
19.58166667 1.089570785 1.061248261 1.034742196 1.02806855 1.016616104 1.089618418 0.9827432373 1.016264915 1.016952172 1.081247261 1.005640322 1.042159949 1.024398805 1.044218834 1.047227057 1.05892978 1.050861711 1.079887499 1.046665598 1.059033224
19.685 1.088129564 1.05832945 1.031612251 1.025361537 1.018236905 1.088272468 0.9844062577 1.014885282 1.017232469 1.079435629 1.008036794 1.039740069 1.023972891 1.038604936 1.045391205 1.052731459 1.051381832 1.078936386 1.043536126 1.054792196
19.78833333 1.084929036 1.055373822 1.029572157 1.023647223 1.020043167 1.086292838 0.9872969749 1.013231148 1.01813382 1.07477991 1.009535834 1.036366094 1.022891199 1.033369618 1.045826749 1.046200752 1.050479431 1.077118399 1.039952898 1.049833981
19.89166667 1.082162601 1.05267349 1.026171274 1.021531314 1.021715234 1.083805552 0.9897105308 1.011509938 1.016910476 1.071195026 1.011002984 1.033505077 1.02125186 1.027682529 1.044764922 1.04036177 1.050757228 1.076146072 1.036375606 1.044727025
19.995 1.078485393 1.048797707 1.023198852 1.019224381 1.022779274 1.081464923 0.9922070082 1.00878135 1.018070047 1.067337725 1.013525898 1.030039813 1.019881647 1.02315019 1.042570311 1.034152611 1.049832139 1.072797079 1.031929312 1.039831355
20.09833333 1.073954127 1.044887028 1.019408421 1.016147719 1.02344659 1.079051634 0.9937456755 1.006850067 1.017622622 1.062864289 1.015091154 1.026359783 1.019178288 1.01716388 1.040339762 1.028661696 1.048938166 1.069685509 1.028575898 1.034842881
20.20166667 1.069898596 1.041014487 1.016390073 1.013529488 1.0237999 1.075447442 0.9966401025 1.00411551 1.017518917 1.058852146 1.016150935 1.022559284 1.016609378 1.01192087 1.037792171 1.021784908 1.0472984 1.066515485 1.024931805 1.030023822
20.305 1.065717483 1.036820104 1.013584218 1.010926708 1.025575901 1.071209464 0.9986764147 1.001944103 1.017685375 1.054092362 1.015521578 1.019629369 1.014058476 1.006052628 1.03510464 1.015498912 1.046314774 1.063612874 1.0213402 1.024540861
20.40833333 1.060575436 1.033197383 1.009969398 1.008035468 1.025665064 1.066875574 1.001734848 1.000463561 1.017219842 1.049080251 1.015232747 1.01612404 1.012396773 1.000752156 1.033023872 1.009199389 1.044566229 1.060057201 1.017812697 1.019233268
20.51166667 1.054524047 1.028452592 1.007378787 1.00532642 1.026670893 1.061684803 1.003532316 0.9988189752 1.016263748 1.04326808 1.015610176 1.01274631 1.010448807 0.9946967326 1.03034253 1.003568121 1.042583141 1.056599538 1.013501869 1.01365398
20.615 1.049276543 1.023342855 1.004616785 1.003388557 1.028170561 1.058499033 1.005777649 0.9963019572 1.015126708 1.03810023 1.016405855 1.008582755 1.007970481 0.990013662 1.027509838 0.9977948444 1.040771071 1.051249002 1.009592252 1.009605785
20.71833333 1.044188206 1.01939544 1.000578333 1.000685376 1.027737988 1.053263688 1.007523945 0.9946710567 1.014724901 1.033172358 1.017989378 1.004685221 1.006056223 0.9850432722 1.025157017 0.9919207761 1.038749809 1.047174519 1.006834204 1.004756058
20.82166667 1.038571445 1.014302053 0.9976563825 0.9972991216 1.027654828 1.049511519 1.009448281 0.9927538046 1.013988214 1.026871904 1.017998682 1.001533667 1.004636885 0.979951374 1.021692018 0.987047948 1.036524504 1.043282594 1.003226657 0.9992891619
20.925 1.032541749 1.010379297 0.9949748697 0.994509179 1.027488916 1.04449193 1.010463691 0.9905723618 1.012601084 1.021604926 1.018687221 0.9988486596 1.002130428 0.974850731 1.018877236 0.9814667929 1.034472644 1.038508068 0.9990891841 0.9942194825
21.02833333 1.026988022 1.005367363 0.9926726491 0.9924002798 1.028073701 1.039215481 1.010842976 0.9889147327 1.012381203 1.015989532 1.019434719 0.995618885 0.999667316 0.9698254236 1.015669338 0.9765469872 1.033150808 1.0335873 0.9949613739 0.9898439634
21.13166667 1.021507672 1.001471987 0.989485925 0.9901691156 1.027215742 1.034537379 1.012290347 0.9866301615 1.011920135 1.011009818 1.019956453 0.9919830586 0.9983765333 0.9662216423 1.013207135 0.9716604063 1.030364861 1.028901948 0.9920657212 0.9850210169
21.235 1.016003179 0.9978627522 0.9865147316 0.987990684 1.026874748 1.029682463 1.012729521 0.984758338 1.011193382 1.006918857 1.020620292 0.9893487068 0.9962857893 0.9623661047 1.009295904 0.9670441093 1.027896651 1.024954866 0.9888410375 0.9807965588
21.33833333 1.009613083 0.9943358493 0.9844480638 0.9864371258 1.026188127 1.025653308 1.01245052 0.9827428985 1.011511456 1.001475349 1.021467532 0.9859988349 0.9944660432 0.9589628637 1.006375256 0.9632464683 1.025160197 1.019857476 0.9863874431 0.9764615667
21.44166667 1.004177656 0.9900202847 0.981478067 0.9841885987 1.025622078 1.020342223 1.012206025 0.9822330505 1.010416194 0.9961258915 1.021203947 0.9838180273 0.9928582678 0.9563299919 1.00304687 0.9592243082 1.022767619 1.015484644 0.983361225 0.9732127617
21.545 0.9993489485 0.9857053553 0.9797238957 0.9824517158 1.025370468 1.015259269 1.01247743 0.981121227 1.01050621 0.9909741623 1.020564428 0.9812499537 0.9921767676 0.9528140943 0.9993478424 0.9554839948 1.020325955 1.010849565 0.9807495232 0.970787522
21.64833333 0.9950181625 0.9825293413 0.9779547029 0.9808441556 1.024509154 1.010109338 1.012154583 0.979687607 1.010809182 0.9866562617 1.020427508 0.978698757 0.9910744984 0.9500274351 0.9962421983 0.9531172056 1.017825548 1.005773672 0.9777943198 0.967691138
21.75166667 0.9903725595 0.9792173373 0.9760769737 0.9789392893 1.023128819 1.005863759 1.011644809 0.9786741425 1.011003632 0.9822106303 1.020547826 0.9768927534 0.9900602515 0.9484126973 0.9941863213 0.9504853211 1.015770372 1.001858026 0.9755531121 0.9646234357
21.855 0.9852609284 0.9749672936 0.9743992337 0.9785103443 1.022147664 1.001520849 1.0117008 0.978080069 1.011240698 0.9781208436 1.020262917 0.9745458573 0.9880177839 0.9472815942 0.9909433383 0.9478481128 1.012798246 0.9982380421 0.9741690154 0.961498247
21.95833333 0.9814421144 0.9723825055 0.9732775989 0.9775090399 1.021428175 0.9969612876 1.011934658 0.9780480937 1.010673784 0.97434513 1.019498173 0.9731285123 0.9874273452 0.9441629208 0.9882217315 0.9457175191 1.009959506 0.9935796003 0.9719555377 0.9594939945
22.06166667 0.9772741707 0.9696590638 0.9721661484 0.9761270308 1.0203113 0.9919622138 1.011202124 0.9785242199 1.011076018 0.9708303081 1.019715478 0.9718633599 0.986397486 0.9432012728 0.9857955911 0.9450164286 1.00809048 0.9906644082 0.9697762875 0.9579543908
22.165 0.9726176063 0.9672889323 0.9710043748 0.9768227246 1.019305993 0.9883400693 1.010282751 0.9787860286 1.009958051 0.9673079614 1.019561102 0.9713386794 0.9857417232 0.9437514351 0.9836284501 0.9441602182 1.00520813 0.9877235652 0.9690804352 0.9564917053
22.26833333 0.9690536173 0.9654509793 0.9703916733 0.9751509173 1.018651381 0.9848843556 1.010577948 0.9789688368 1.009823143 0.9645043082 1.01865008 0.9700561142 0.9855577548 0.943459686 0.9823034361 0.9426386465 1.003270322 0.9830087549 0.9679422258 0.9546014139
22.37166667 0.9655971747 0.9634078983 0.9696007346 0.9746231742 1.017697304 0.9802167245 1.009617327 0.9791625206 1.009709113 0.9609451703 1.018572548 0.9692684564 0.9853289128 0.9449887809 0.9810087264 0.9427836929 1.00017998 0.9802302691 0.9667921026 0.9537438044
22.475 0.9625552854 0.9614978165 0.9699059549 0.9740466807 1.016865486 0.9776791526 1.009454579 0.9793119865 1.009362552 0.9591450304 1.017906653 0.9676747229 0.9846167007 0.9450164072 0.9789024153 0.9423839116 0.9988824025 0.9770126798 0.9667864432 0.9535412717
22.57833333 0.9598066257 0.9600880643 0.9704806521 0.9744362338 1.015604598 0.9730898249 1.008712981 0.9803491098 1.008979556 0.9574169396 1.017451577 0.9671747716 0.9850221051 0.9460062856 0.9778182274 0.942251281 0.9967436639 0.974019478 0.9658079163 0.9528929063
22.68166667 0.9580258773 0.9592210113 0.970782983 0.973854107 1.014546928 0.9697412125 1.008681941 0.9816579831 1.008249975 0.95511991 1.01665161 0.9671782679 0.9849075632 0.9477080659 0.9763934775 0.942707633 0.9950508291 0.971160685 0.9654968797 0.9529534175
22.785 0.9556775964 0.958206192 0.9712140405 0.9745157421 1.012647116 0.9672509916 1.00869057 0.9818141423 1.007547654 0.9532648168 1.015572191 0.9669483187 0.9854179785 0.9493898586 0.9743847049 0.9433549835 0.9932056886 0.9689661676 0.9657108353 0.9534663733
22.88833333 0.9536379737 0.9574861102 0.972129905 0.974889392 1.011649216 0.965439173 1.00810384 0.9826257785 1.006682269 0.9525546546 1.013689086 0.9666232011 0.9862247976 0.9511198445 0.9742462556 0.9456315732 0.9917070174 0.9670167913 0.9660919805 0.9539018046
22.99166667 0.9518561516 0.9580186761 0.9726579455 0.9757005347 1.010595548 0.9627439458 1.00780628 0.9847079225 1.005567337 0.9517688862 1.011896719 0.9667696912 0.9864602803 0.9539636587 0.9736137807 0.9472152755 0.9897216979 0.9653220048 0.9667998419 0.9548363353
23.095 0.9506871142 0.9576936325 0.9734204182 0.9765552178 1.009383204 0.9597517655 1.007751437 0.9858827405 1.005211796 0.9508070442 1.009503775 0.9671851325 0.9864889892 0.956323667 0.9724513118 0.9485654543 0.9879636959 0.9632260052 0.9669879412 0.9556412165
23.19833333 0.950458514 0.957580429 0.9750489811 0.9772580721 1.007562163 0.9583091586 1.008189748 0.9871817963 1.004619303 0.9503890193 1.007362051 0.9684858198 0.9877777234 0.9592812706 0.972243421 0.9502325216 0.9867111468 0.9623016337 0.9675896372 0.9574241535
23.30166667 0.9499541991 0.9586373438 0.9757492397 0.9773827937 1.005917022 0.9567834336 1.008682476 0.9885591034 1.004109407 0.9505944804 1.004994128 0.9691645913 0.9889469475 0.961891456 0.9717362961 0.953592593 0.9858096718 0.9607606091 0.9686481893 0.9581954197
23.405 0.9502524517 0.9593107584 0.977173763 0.9781735286 1.004278735 0.9555867021 1.008417713 0.9898407948 1.003301681 0.9503231513 1.001908223 0.9696612359 0.9889825934 0.9651872094 0.9708655124 0.9570064959 0.9844208388 0.9603112593 0.9694404939 0.9601821673
23.50833333 0.9496495366 0.9601037447 0.9791404981 0.9801384354 1.003043116 0.9545588811 1.008299423 0.9905043985 1.003071409 0.9507735901 0.9993368727 0.9709637321 0.9897552472 0.9676310369 0.9709261412 0.9588201176 0.9828739798 0.9598771485 0.9709272138 0.9627911748
23.61166667 0.9503272857 0.9614562361 0.9803505523 0.9808673727 1.000915794 0.9532238283 1.008873961 0.9929704508 1.002540188 0.9511568256 0.9963925878 0.9720711623 0.9903938743 0.9717485173 0.970675036 0.9617403657 0.9816887222 0.9597581927 0.9715060061 0.9647740035
23.715 0.9506818044 0.9636937973 0.981920803 0.9826477329 0.9998328438 0.9527679158 1.008725155 0.9943354622 1.002260735 0.9526901975 0.9938712616 0.973674816 0.9910524005 0.9756124913 0.970633327 0.9646311608 0.9803801723 0.9592460502 0.972905079 0.9669389515
23.81833333 0.9516208794 0.9647681041 0.9831564228 0.9841613042 0.998769546 0.952663453 1.00810565 0.9963370638 1.001496273 0.9539526692 0.9919855129 0.974649018 0.9918711512 0.9793778652 0.9714983695 0.9684939704 0.9800653287 0.9591775465 0.9746488356 0.9689536206
23.92166667 0.9531197794 0.9670246691 0.9848001653 0.9857550217 0.998299526 0.9521666597 1.007247561 0.9976011799 1.001205102 0.9550342479 0.9893092861 0.9762527146 0.9924521311 0.9827301536 0.9723366704 0.9722270626 0.9793203404 0.9592594604 0.9758662746 0.9721365801
24.025 0.9550962854 0.9688248842 0.9863050797 0.9876662847 0.9963567273 0.9524735609 1.007291104 0.9989495093 1.000856659 0.9568402968 0.9873793752 0.978053033 0.9924382571 0.9866054693 0.9725555907 0.9757173348 0.9780302297 0.9595253906 0.9771874977 0.9751078023
24.12833333 0.9566309221 0.9710778495 0.9874706391 0.9887854959 0.9957911301 0.953014606 1.006404795 1.000830621 1.00056676 0.9582096771 0.9864420964 0.9792323685 0.9931535405 0.9908946269 0.9724223091 0.9794001494 0.9775489063 0.9601290775 0.9792339453 0.9768187728
24.23166667 0.958242663 0.973329869 0.9898670042 0.9903302931 0.9945086883 0.9540362905 1.005583417 1.002355807 1.000092676 0.9605186852 0.9845697725 0.9816102921 0.9938765847 0.9952287555 0.9736421552 0.9825108743 0.9765958827 0.9613641181 0.9809963761 0.979319917
24.335 0.9601296596 0.9761131875 0.9915231644 0.9920860194 0.9934422111 0.9553292831 1.005092459 1.003289628 1.000079722 0.9627980209 0.9826662524 0.9843267192 0.9945716264 0.9988069406 0.9746730293 0.9860709667 0.9763366559 0.9624048815 0.9829366346 0.9823446093
24.43833333 0.9622186446 0.978380203 0.9937208154 0.9940718424 0.9927332713 0.9561287813 1.004644611 1.004607877 1.000004065 0.9645990701 0.9824937339 0.9862897572 0.9951633488 1.00226319 0.975936061 0.989824076 0.9765657342 0.9631728481 0.9850844134 0.985219837
24.54166667 0.9649405043 0.9804122551 0.9944779836 0.9957770324 0.9916607582 0.9572287626 1.004577455 1.006201845 0.9998486407 0.9678956883 0.9817691599 0.9883661097 0.9956006031 1.005877723 0.9776212969 0.9932817744 0.9759128018 0.9647894516 0.9871410742 0.9883660128
24.645 0.967435569 0.9839756866 0.9963882208 0.9971117876 0.9910567064 0.959309437 1.003319317 1.007319047 0.9990477244 0.9698502208 0.981742621 0.9908244613 0.996065541 1.008707416 0.9786136478 0.9958314054 0.9759291185 0.9657410676 0.9883076354 0.9910047644
24.74833333 0.9702752776 0.9866057577 0.9982799929 0.9991127163 0.9903603807 0.960784344 1.001927956 1.007744007 0.9988246655 0.9721443455 0.9817516417 0.9929774324 0.996730635 1.012591619 0.9800691655 0.9993057754 0.9764173539 0.9674994136 0.9905463057 0.9940412474
24.85166667 0.9727587522 0.9895699416 0.99957425 1.001232065 0.989396019 0.9619522311 1.001778051 1.009411291 0.9989990646 0.9749184725 0.9813181153 0.9950111867 0.9972879171 1.015763383 0.9822353781 1.003061521 0.9773703358 0.9692031669 0.9929293067 0.9961871415
24.955 0.9758159233 0.991720959 1.001264287 1.002302445 0.988853935 0.9641593497 1.001215858 1.010500341 0.9993993586 0.9772457074 0.9813068522 0.996253706 0.9983877562 1.018876593 0.9834622352 1.006940338 0.9774825485 0.9711167907 0.9955837678 0.9990030958
25.05833333 0.9787550539 0.9947321191 1.0030064 1.003923615 0.9886385324 0.9665311166 1.000586874 1.010756425 0.9991232635 0.9804179807 0.9812517824 0.9985231142 0.9990986006 1.021808704 0.9852071374 1.010464739 0.9777617884 0.9729585099 0.9980062333 1.001785964
25.16166667 0.9818581847 0.9973303823 1.005212932 1.004804296 0.9881822107 0.9685590255 0.9999656488 1.011596108 0.9980329979 0.9835775275 0.981706991 1.000725566 1.000309353 1.024160883 0.9873240465 1.013205353 0.9785115545 0.9748899899 1.000573356 1.004634573
25.265 0.9848791738 0.9998883238 1.006807084 1.00633817 0.9875417554 0.9711372206 1.000071251 1.012127518 0.9977413984 0.9865834842 0.9822345004 1.002691898 1.00149972 1.027035358 0.9888575336 1.015580416 0.9795442447 0.9768248421 1.002723817 1.007406144
25.36833333 0.9878902872 1.002332264 1.007878901 1.008099336 0.9873162336 0.9734332949 0.9998949499 1.012640406 0.9966763397 0.989463877 0.9828449266 1.005004521 1.00257497 1.029004779 0.9903820145 1.018831243 0.9801900375 0.9791970048 1.003844473 1.009824552
25.47166667 0.9909446847 1.005108236 1.009393951 1.009055661 0.987435135 0.9762143474 0.9994684008 1.012466407 0.9959658615 0.9922377749 0.9833382503 1.006681937 1.003214554 1.031416529 0.9918491331 1.021656692 0.9808937125 0.9818095284 1.006254791 1.011787041
25.575 0.9942122477 1.007682701 1.011421614 1.009416121 0.9872234079 0.978956377 0.9995311244 1.013566404 0.9956975009 0.9951556764 0.9844437725 1.008905864 1.003619359 1.032614215 0.993556235 1.023996034 0.9818983884 0.9841225139 1.008322601 1.014155304
25.67833333 0.9969177945 1.009605692 1.012339136 1.010539954 0.9865302293 0.9815430019 0.999444376 1.013539552 0.994979458 0.9984008928 0.9850682128 1.010920643 1.004954809 1.034470961 0.9959212289 1.02640349 0.9835491204 0.9859857085 1.009755259 1.016318936
25.78166667 0.9996747117 1.011502847 1.013689778 1.012119354 0.9869847354 0.9844176894 0.9995066868 1.01342502 0.9932502121 1.001045787 0.9861236624 1.012762269 1.00619107 1.034854267 0.9978617737 1.02787528 0.9841873491 0.9881303459 1.011874441 1.018202128
25.885 1.002746323 1.01329555 1.015673323 1.013057637 0.9883204987 0.9870456981 0.9993607003 1.014041069 0.9925561838 1.003931946 0.9878819525 1.01348028 1.007275469 1.035661401 0.9996665027 1.029655945 0.9849514636 0.990094586 1.013578118 1.020104998
25.98833333 1.005519941 1.015054711 1.01661999 1.013748653 0.9876437812 0.9902480607 0.9993584814 1.013585768 0.992016916 1.006191032 0.9890107701 1.014908434 1.007967212 1.0359852 1.00125016 1.031238518 0.9864812512 0.9923997229 1.014343068 1.02086241
26.09166667 1.007863427 1.016739457 1.017623795 1.014628541 0.9879913023 0.9928499978 0.9996621745 1.013710034 0.9919415772 1.00857418 0.9896108378 1.015774614 1.009068887 1.036583429 1.002701571 1.031763796 0.9875701512 0.9950531017 1.015535833 1.022120144
26.195 1.011502756 1.018261349 1.017850675 1.015110464 0.9875550516 0.9956196738 0.9988264836 1.013625638 0.9914285542 1.01123969 0.9916854191 1.017729169 1.008387629 1.036786668 1.00481939 1.033808866 0.9885349665 0.9971724402 1.017037806 1.023728799
26.29833333 1.013412777 1.019797959 1.018841363 1.015851787 0.9885137302 0.998457557 0.9996996126 1.013767853 0.9910782067 1.014282436 0.9938281713 1.018210241 1.008812493 1.036516705 1.005538567 1.034940152 0.9896545442 0.9998113971 1.017853486 1.025083225
26.40166667 1.016111243 1.021211202 1.019727169 1.015810969 0.9888185473 1.000919037 1.000009067 1.013353761 0.9906988164 1.016188008 0.9956132781 1.019077759 1.009654468 1.037205266 1.006597215 1.035310494 0.9911505449 1.001864817 1.018236368 1.02645895
26.505 1.01807819 1.021877981 1.019834386 1.01577699 0.98918129 1.003402788 0.9993518014 1.012775633 0.9908973747 1.018427822 0.9979481215 1.019138798 1.00991902 1.036211181 1.007679396 1.035883512 0.9918157005 1.003897162 1.019269968 1.026117229
26.60833333 1.020163178 1.022069814 1.019858568 1.016289691 0.990024654 1.005520773 0.9985183228 1.013375463 0.9903259835 1.019910322 1.000465698 1.020275183 1.010404418 1.035483831 1.008622389 1.036033745 0.9933421693 1.005759627 1.019486488 1.026984224
26.71166667 1.02197871 1.022833819 1.020707642 1.016561716 0.9897852285 1.008401278 0.9986136296 1.012896911 0.9907877284 1.021465656 1.001552713 1.020424815 1.009922958 1.033709952 1.00914674 1.036085856 0.9950020123 1.007833218 1.019997113 1.027507422
26.815 1.024079819 1.023508772 1.02062228 1.016060184 0.9908037592 1.010399128 0.9978062419 1.011772725 0.9905750042 1.022892262 1.002691538 1.020572826 1.009199634 1.033076226 1.009123281 1.036348238 0.9956206499 1.010072781 1.020236656 1.027578527
26.91833333 1.025162392 1.023956453 1.020351355 1.015734638 0.9913140856 1.012821071 0.9978613188 1.011676852 0.9910745471 1.024399953 1.004264847 1.020692903 1.008964566 1.03166804 1.009486474 1.035802254 0.997272623 1.011509262 1.019868026 1.02765656
27.02166667 1.026189066 1.023892174 1.020230032 1.01551954 0.9919385613 1.015061293 0.9974411331 1.010313578 0.9911784129 1.026243495 1.005879054 1.02040841 1.009054999 1.030361588 1.008987722 1.035204124 0.9985897446 1.013361107 1.019728038 1.027382456
27.125 1.027255949 1.023769888 1.019188975 1.015063262 0.9923632462 1.016812906 0.996838611 1.009649731 0.9913043956 1.027428967 1.006181197 1.020614273 1.008938462 1.028513333 1.009183607 1.033916045 1.000148423 1.014933959 1.019184031 1.026590737
27.22833333 1.027949182 1.023543097 1.018493171 1.015411439 0.9927346424 1.018872953 0.995472916 1.009167545 0.9917445302 1.027880479 1.006657028 1.020423925 1.007590706 1.026247074 1.009133217 1.032494827 1.001791075 1.016959555 1.018816999 1.026772538
27.33166667 1.028851926 1.023732472 1.018109186 1.014606784 0.9941284503 1.020452472 0.9950575046 1.00840026 0.9919404638 1.028782242 1.007055165 1.01954293 1.007647956 1.024659325 1.008870599 1.031142969 1.002707115 1.017866225 1.017868323 1.025865385
27.435 1.029540343 1.023582148 1.018070018 1.014189998 0.99496098 1.02238261 0.9945436945 1.007026368 0.9925230321 1.029533776 1.007085973 1.018428441 1.007546243 1.022447901 1.008294687 1.029881987 1.004140315 1.01891661 1.017069161 1.024801629
27.53833333 1.02973105 1.022711949 1.01709878 1.013107098 0.9955321869 1.023415671 0.9939133852 1.006241671 0.9929428874 1.0293204 1.007519769 1.017913584 1.00770605 1.020471457 1.008322066 1.028466656 1.004900737 1.020939877 1.016968231 1.024870676
27.64166667 1.029114079 1.022208694 1.015464039 1.01213143 0.9959597407 1.024880818 0.9932078613 1.005057269 0.9928317861 1.029616417 1.006742311 1.017517652 1.007689841 1.018313735 1.00834096 1.026424456 1.006545571 1.020612494 1.016022682 1.023336688
27.745 1.029331293 1.021489653 1.014573312 1.011345161 0.9969316615 1.02563431 0.9929207726 1.004686874 0.9932477973 1.029967563 1.005662657 1.01693767 1.006668778 1.016213709 1.008248008 1.023940711 1.007089788 1.021997181 1.015538005 1.021248975
27.84833333 1.028881114 1.020947765 1.013551322 1.010653666 0.9970853134 1.026305557 0.9938452638 1.004408722 0.9943613012 1.029758248 1.004311835 1.015852107 1.006223313 1.014080045 1.008155763 1.022222917 1.007931446 1.021875439 1.014368448 1.020067139
27.95166667 1.02803107 1.019934476 1.011935733 1.010186147 0.9971585725 1.026672533 0.993106561 1.002976223 0.9946360737 1.029294038 1.00265537 1.014251397 1.005674995 1.011674474 1.008049942 1.020352679 1.00828069 1.022880735 1.013288125 1.019133853
28.055 1.027708156 1.018466001 1.010749464 1.009412874 0.9982582308 1.027664695 0.9925399629 1.00182288 0.9947384865 1.029111358 1.001447843 1.013293934 1.00544728 1.009241838 1.008259112 1.018279327 1.009825659 1.0236947 1.012109072 1.017627088
28.15833333 1.026864933 1.01780424 1.009954372 1.007835666 0.9988437157 1.028028257 0.9934693182 1.000310646 0.9953510117 1.028072885 1.000562477 1.01211615 1.004538214 1.007679784 1.008688515 1.015740292 1.010347681 1.02395636 1.010977914 1.0156562
28.26166667 1.025431212 1.016522542 1.008005439 1.007354497 0.9993293893 1.028651262 0.9937997026 0.9995781118 0.9953228783 1.027055368 0.9990068853 1.011384349 1.004315336 1.004791235 1.00897289 1.01341415 1.010529295 1.023865128 1.010303178 1.014594675
28.365 1.02427409 1.014830027 1.007115085 1.006430874 0.9998147687 1.028246687 0.9945272048 0.9991006318 0.9962383759 1.02610409 0.998410743 1.010168583 1.003315389 1.002065759 1.009160054 1.01065402 1.011191635 1.023957432 1.009214524 1.013241175
28.46833333 1.023277153 1.013540385 1.005933816 1.005443191 1.000476934 1.028604269 0.9948545421 0.9980797624 0.9964126757 1.024983363 0.9976977645 1.008678382 1.002706551 1.000285225 1.010301676 1.008467662 1.011562517 1.023496931 1.008258595 1.011113187
28.57166667 1.021897102 1.012731984 1.003491666 1.004242318 1.000384595 1.027921268 0.995192514 0.9974378875 0.9968548015 1.023737461 0.9973696363 1.00747469 1.001943246 0.9978304668 1.011240724 1.007038968 1.011913056 1.023256542 1.006921671 1.009654063
28.675 1.020908027 1.011313283 1.002224305 1.003082564 1.000834227 1.027088126 0.9963411102 0.9967279136 0.9969070009 1.02248749 0.997290768 1.006191779 1.001483579 0.9960514631 1.011396841 1.003988304 1.011860649 1.022682312 1.00599683 1.008202234
28.77833333 1.019123436 1.009785048 1.000940828 1.001960539 1.001218079 1.026770534 0.9970961587 0.996474975 0.9970751264 1.02101765 0.9970958726 1.005479536 1.000997478 0.993659641 1.012188462 1.001370962 1.012664788 1.022530765 1.005461358 1.006727441
28.88166667 1.01744211 1.008261641 0.9993975529 1.0007727 1.001560699 1.026512351 0.9983617647 0.9952848135 0.9976471497 1.019803751 0.9978469432 1.004217907 1.000195103 0.9916263906 1.011542814 0.9995448136 1.012226139 1.021717162 1.004361258 1.004256651
28.985 1.015840885 1.007338983 0.9977549451 0.9996576206 1.00156179 1.025534263 0.9992155799 0.9945593011 0.9983953805 1.017918753 0.9981653434 1.002607316 0.9998527221 0.9901072286 1.012358076 0.9969533429 1.011987628 1.020563986 1.002943392 1.002723841
29.08833333 1.01431283 1.005201378 0.9965456584 0.999222204 1.002792687 1.024341059 0.9989554549 0.9939447964 0.9993162236 1.016476358 0.9993921767 1.001248008 0.9990300102 0.9875846718 1.012371365 0.994858833 1.012124468 1.019670604 1.002140761 1.00146321
29.19166667 1.012553879 1.00427671 0.9956439877 0.9980705225 1.00265693 1.023396409 0.9999116035 0.9934703074 0.9997091791 1.014557815 1.00030386 0.9999475899 0.998332121 0.986397289 1.012395448 0.9931041634 1.012078877 1.018934673 1.001287866 1.000056112
29.295 1.010154523 1.002943752 0.9948795611 0.9965837722 1.002235806 1.022352036 1.000659142 0.991892743 1.000951612 1.013277778 1.001666828 0.9990125505 0.9979088552 0.9850957071 1.012278292 0.9913862409 1.012047867 1.018042815 0.9996645909 0.9979555661
29.39833333 1.009132117 1.001588433 0.993181983 0.9958484697 1.002754496 1.021066308 1.000833782 0.9919869469 1.001255615 1.011347418 1.003312362 0.9980871279 0.9972812291 0.9838290143 1.012316624 0.9897216798 1.011495948 1.016617778 0.999043663 0.9962843848
29.50166667 1.007727475 0.9997754119 0.9920277417 0.9954971347 1.002718994 1.019183119 1.001292317 0.9915304145 1.001927063 1.008912436 1.004825872 0.9971367295 0.9967598519 0.9831031267 1.01218473 0.9877801538 1.010911956 1.015854726 0.9986100992 0.9949051825
29.605 1.006460433 0.9981818895 0.9911449012 0.9944811464 1.002945671 1.017329943 1.00178564 0.9907845179 1.002055464 1.006879385 1.006207516 0.9956305602 0.9959045251 0.9819642996 1.01194884 0.9860138062 1.011145506 1.013912239 0.9972933363 0.99347272
29.70833333 1.004489073 0.9966070168 0.990457614 0.9939557886 1.002860366 1.016728809 1.002727839 0.9906117095 1.002551523 1.005585325 1.008407053 0.9949969011 0.9958711009 0.9803201136 1.011047367 0.9845932114 1.010435282 1.012701848 0.9968828274 0.9925566528
29.81166667 1.002427763 0.9955341855 0.9890398746 0.9930911879 1.003687955 1.014758651 1.002217274 0.9905378274 1.003163301 1.004167038 1.009057823 0.9943316243 0.9949111347 0.9794911609 1.009998854 0.9836755481 1.009683522 1.011329564 0.9961461026 0.9912880541
29.915 1.000299326 0.9942681513 0.9893448066 0.9919022514 1.003788819 1.013004978 1.002610859 0.990303399 1.002616129 1.002572372 1.010031674 0.9934839223 0.9953903747 0.9794018663 1.009198429 0.9821671386 1.00956719 1.010363572 0.9955964971 0.9900316194
30.01833333 0.9992025659 0.9933119903 0.9885185265 0.9917818906 1.003632086 1.011572166 1.002755959 0.9902059061 1.003208699 1.000579787 1.011052318 0.992427077 0.9954558788 0.9783969151 1.008318411 0.9812272826 1.009472602 1.009098865 0.9944382032 0.9890477903
30.12166667 0.9974487153 0.9921018837 0.987804494 0.9909612907 1.004379757 1.00992904 1.003044923 0.9897144283 1.004170369 0.998500532 1.011700535 0.9914178036 0.9943731618 0.9776220636 1.007752402 0.9799377413 1.00904675 1.007714925 0.9943730186 0.9877418603
30.225 0.9962314952 0.9908676677 0.9872419025 0.9902985435 1.004724263 1.007758782 1.002674813 0.9898575368 1.004770507 0.9969810609 1.011125648 0.9909007829 0.9944501447 0.9778547648 1.006755823 0.9789410587 1.008024724 1.005742142 0.9940938899 0.9869551338
30.32833333 0.9944091141 0.9899574129 0.9872299362 0.9899012029 1.004721955 1.00642823 1.002281934 0.9899157126 1.005102806 0.9953530538 1.011251553 0.990544303 0.9946849594 0.9772959458 1.006063421 0.978523092 1.008147339 1.004635084 0.9933271185 0.9854715717
30.43166667 0.9934280537 0.9887889072 0.9865734413 0.98942195 1.004983803 1.005422801 1.001875802 0.9901048803 1.005134261 0.9938080992 1.011663774 0.9904523651 0.9944688131 0.9776706888 1.005261419 0.9779772992 1.007626962 1.003514489 0.9928213338 0.9851901676
30.535 0.9923734526 0.9883198105 0.9866589604 0.9896056556 1.005370034 1.002922653 1.001643435 0.990678782 1.005478921 0.9929806315 1.011327477 0.9899330621 0.9941090431 0.9780931703 1.004214838 0.9780894528 1.007118354 1.001576312 0.9928957254 0.9844939058
30.63833333 0.991199704 0.9874838446 0.9865326081 0.9893955531 1.004611543 1.00176876 1.002233421 0.9909074211 1.005895747 0.9914779213 1.010294108 0.9899209513 0.9939788926 0.9778363242 1.003198883 0.9776826157 1.006273602 1.00108049 0.992174874 0.9841933038
30.74166667 0.9905607098 0.9873174925 0.986383595 0.9894235577 1.005280742 1.000140196 1.002368006 0.9911042573 1.005676737 0.9901292708 1.009974641 0.9893265969 0.9935061243 0.9784038928 1.001886602 0.9771909122 1.005852815 1.000004105 0.9920101648 0.983765368
30.845 0.9898538448 0.986936179 0.9866316881 0.9892732773 1.005608457 0.998115884 1.001855888 0.9915090478 1.006055893 0.9893489186 1.009039219 0.9892450092 0.993735622 0.9787672946 1.000816893 0.9770695342 1.005178458 0.9981546346 0.9919947882 0.9836437361
30.94833333 0.9883720677 0.986164278 0.986902257 0.9890977263 1.005073569 0.9970735233 1.000938736 0.9920144088 1.005121563 0.9879500655 1.007852802 0.988735013 0.9935906887 0.9791689901 0.9992967862 0.9777608565 1.004210077 0.9965803525 0.991455553 0.9826545036
