distance P2222O2O2NTf2_custom P2222O2O2TCB_custom P2228NTf2_custom P2228TCB_custom P2O231NTf2_custom_CLPOL P2O231NTf2_custom P2O231NTf2_LINEAR_custom_CLPOL P2O231NTf2_LINEAR_custom P2O231TCB_custom_CLPOL P2O231TCB_custom P2O231TCB_LINEAR_custom_CLPOL P2O231TCB_LINEAR_custom P5551NTf2_custom_CLPOL P5551NTf2_custom P5551TCB_custom_CLPOL P5551TCB_custom P2O231TCB_customADCH_CLPOL P2O231TCB_customADCH_CLPOL_CCAAscaled P5551TCB_customADCH_CLPOL P5551TCB_customADCH_CLPOL_CCAAscaled
0.05166666667 0.0 0.0 0.0 0.0 0.0 0.0 0.0 0.0 0.0 0.0 0.0 0.0 0.0 0.0 0.0 0.0 0.0 0.0 0.0 0.0
0.155 0.0 0.0 0.0 0.0 0.0 0.0 0.0 0.0 0.0 0.0 0.0 0.0 0.0 0.0 0.0 0.0 0.0 0.0 0.0 0.0
0.2583333333 0.0 0.0 0.0 0.0 0.0 0.0 0.0 0.0 0.0 0.0 0.0 0.0 0.0 0.0 0.0 0.0 0.0 0.0 0.0 0.0
0.3616666667 0.0 0.0 0.0 0.0 0.0 0.0 0.0 0.0 0.0 0.0 0.0 0.0 0.0 0.0 0.0 0.0 0.0 0.0 0.0 0.0
0.465 0.0 0.0 0.0 0.0 0.0 0.0 0.0 0.0 0.0 0.0 0.0 0.0 0.0 0.0 0.0 0.0 0.0 0.0 0.0 0.0
0.5683333333 0.0 0.0 0.0 0.0 0.0 0.0 0.0 0.0 0.0 0.0 0.0 0.0 0.0 0.0 0.0 0.0 0.0 0.0 0.0 0.0
0.6716666667 0.0 0.0 0.0 0.0 0.0 0.0 0.0 0.0 0.0 0.0 0.0 0.0 0.0 0.0 0.0 0.0 0.0 0.0 0.0 0.0
0.775 0.0 0.0 0.0 0.0 0.0 0.0 0.0 0.0 0.0 0.0 0.0 0.0 0.0 0.0 0.0 0.0 0.0 0.0 0.0 0.0
0.8783333333 0.0 0.0 0.0 0.0 0.0 0.0 0.0 0.0 0.0 0.0 0.0 0.0 0.0 0.0 0.0 0.0 0.0 0.0 0.0 0.0
0.9816666667 0.0 0.0 0.0 0.0 0.0 0.0 0.0 0.0 0.0 0.0 0.0 0.0 0.0 0.0 0.0 0.0 0.0 0.0 0.0 0.0
1.085 0.0 0.0 0.0 0.0 0.0 0.0 0.0 0.0 0.0 0.0 0.0 0.0 0.0 0.0 0.0 0.0 0.0 0.0 0.0 0.0
1.188333333 0.0 0.0 0.0 0.0 0.0 0.0 0.0 0.0 0.0 0.0 0.0 0.0 0.0 0.0 0.0 0.0 0.0 0.0 0.0 0.0
1.291666667 0.0 0.0 0.0 0.0 0.0 0.0 0.0 0.0 0.0 0.0 0.0 0.0 0.0 0.0 0.0 0.0 0.0 0.0 0.0 0.0
1.395 0.0 0.0 0.0 0.0 0.0 0.0 0.0 0.0 0.0 0.0 0.0 0.0 0.0 0.0 0.0 0.0 0.0 0.0 0.0 0.0
1.498333333 0.0 0.0 0.0 0.0 0.0 0.0 0.0 0.0 0.0 0.0 0.0 0.0 0.0 0.0 0.0 0.0 0.0 0.0 0.0 0.0
1.601666667 0.0 0.0 0.0 0.0 0.0 0.0 0.0 0.0 0.0 0.0 0.0 0.0 0.0 0.0 0.0 0.0 0.0 0.0 0.0 0.0
1.705 0.0 0.0 0.0 0.0 0.0 0.0 0.0 0.0 0.0 0.0 0.0 0.0 0.0 0.0 0.0 0.0 0.0 0.0 0.0 0.0
1.808333333 0.0 0.0 0.0 0.0 0.0 0.0 0.0 0.0 0.0 0.0 0.0 0.0 0.0 0.0 0.0 0.0 0.0 0.0 0.0 0.0
1.911666667 0.0 0.0 0.0 0.0 0.0 0.0 0.0 0.0 0.0 0.0 0.0 0.0 0.0 0.0 0.0 0.0 0.0 0.0 0.0 0.0
2.015 0.0 0.0 0.0 0.0 0.0 0.0 0.0 0.0 0.0 0.0 0.0 0.0 0.0 0.0 0.0 0.0 0.0 0.0 0.0 0.0
2.118333333 0.0 0.0 0.0 0.0 0.0 0.0 0.0 0.0 0.0 0.0 0.0 0.0 0.0 0.0 0.0 0.0 0.0 0.0 0.0 0.0
2.221666667 0.0 0.0 0.0 0.0 0.0 0.0 0.0 0.0 0.0 0.0 0.0 0.0 0.0 0.0 0.0 0.0 0.0 0.0 0.0 0.0
2.325 0.0 0.0 0.0 0.0 0.0 0.0 0.0 0.0 0.0 0.0 0.0 0.0 0.0 0.0 0.0 0.0 0.0 0.0 0.0 0.0
2.428333333 0.0 0.0 0.0 0.0 0.0 0.0 0.0 0.0 0.0 0.0 0.0 0.0 0.0 0.0 0.0 0.0 0.0 0.0 0.0 0.0
2.531666667 0.0 0.0 0.0 0.0 0.0 0.0 0.0 0.0 0.0 0.0 0.0 0.0 0.0 0.0 0.0 0.0 0.0 0.0 0.0 0.0
2.635 0.0 0.0 0.0 0.0 0.0 0.0 0.0 0.0 0.0 0.0 0.0 0.0 0.0 0.0 0.0 0.0 0.0 0.0 0.0 0.0
2.738333333 0.0 0.0 0.0 0.0 0.0 0.0 0.0 0.0 0.0 0.0 0.0 0.0 0.0 0.0 0.0 0.0 0.0 0.0 0.0 0.0
2.841666667 0.0 0.0 0.0 0.0 0.0 0.0 0.0 0.0 0.0 0.0 0.0 0.0 0.0 0.0 0.0 0.0 0.0 0.0 0.0 0.0
2.945 0.0 0.0 0.0 0.0 0.0 0.0 0.0 0.0 0.0 0.0 0.0 0.0 0.0 0.0 0.0 0.0 0.0 0.0 0.0 0.0
3.048333333 0.0 0.0 0.0 0.0 0.0 0.0 0.0 0.0 0.0 0.0 0.0 0.0 0.0 0.0 0.0 0.0 0.0 0.0 0.0 0.0
3.151666667 0.0 0.0 7.371115589e-06 0.0 0.0 0.0 0.0 0.0 0.0 0.0 0.0 0.0 0.0 0.0 0.0 0.0 0.0 0.0 0.0 0.0
3.255 0.0 0.0 3.112658963e-05 3.887383777e-06 0.0 0.0 0.0 0.0 0.0 0.0 0.0 0.0 0.0 0.0 0.0 0.0 0.0 0.0 0.0 0.0
3.358333333 0.0 0.0 0.0001431264554 6.340859086e-05 0.0 0.0 0.0 0.0 0.0 0.0 0.0 1.48600681e-05 1.378044182e-06 0.0 5.273858075e-06 7.937037448e-06 0.0 0.0 6.200369232e-06 6.342566476e-06
3.461666667 0.0 3.752544588e-06 0.0006719978572 0.000407903343 0.0 0.0 0.0 1.458310535e-06 0.0 0.0 3.925983764e-06 8.033636596e-05 3.554134438e-06 0.0 5.563843734e-05 9.835107175e-05 0.0 0.0 0.0001087270842 3.897420386e-05
3.565 9.587723495e-06 3.564046758e-05 0.002072864082 0.001865766671 0.0 0.0 3.122931296e-06 1.23671092e-05 0.0 0.0 2.765640727e-05 0.0004480574031 1.119414284e-06 2.917797389e-06 0.0002561431599 0.0005829118907 0.0 0.0 0.000589159734 0.0002233048934
3.668333333 3.240703595e-05 0.0001062782673 0.00606446306 0.005975297104 0.0 0.0 4.253329965e-05 0.0001341254616 0.0 0.0 0.000123821527 0.001989297132 1.75693613e-05 5.712133131e-05 0.0008849389959 0.002137152477 0.0 0.0 0.002402704156 0.001024053979
3.771666667 0.0001503275359 0.0003333542283 0.01560809962 0.01643016986 0.0 0.0 0.0003129826605 0.0008753258129 0.0 4.668055893e-08 0.0004607368291 0.005894893968 0.0001507966503 0.0004298915641 0.002551528737 0.006240580093 0.0 0.0 0.007272953323 0.003592948356
3.875 0.0004276506271 0.0009154500675 0.03372602877 0.03871570762 0.0 0.0 0.001605841995 0.00385942565 0.0 2.012106837e-05 0.001533994366 0.01455775888 0.0008883165868 0.001965296822 0.006155282893 0.01511308696 9.197988082e-07 7.399562341e-07 0.01664907343 0.00938527424
3.978333333 0.00126830162 0.002767775392 0.06413733444 0.08017129153 0.0 3.364746617e-06 0.006120196715 0.0139354476 3.05153717e-06 0.0001020536908 0.003861785741 0.02938211117 0.003869818263 0.007256634478 0.01199555013 0.03122298305 2.515728616e-05 2.968024755e-05 0.03128323713 0.02058382361
4.081666667 0.003094534795 0.006680582823 0.1096792212 0.149015498 1.869450349e-06 3.657085502e-05 0.01815001424 0.0394999256 2.191944012e-05 0.0004103099754 0.008914601926 0.05387030699 0.01273392896 0.02280966242 0.02172982816 0.05683065114 0.000168243204 0.0001530791861 0.05412023858 0.03944156958
4.185 0.007031554359 0.01468268591 0.1712269791 0.2531143006 2.278541586e-05 0.0002649362023 0.04435565698 0.09198329607 0.0001206807174 0.001405372694 0.0190812798 0.08964988603 0.03472711387 0.05860524109 0.03745173747 0.09306455811 0.0005704383237 0.0004945388366 0.08884595403 0.06987329691
4.288333333 0.0137227872 0.02934896222 0.2470571828 0.3985627346 0.0001428147209 0.001037998554 0.09337673141 0.1795602682 0.0003837956053 0.004203349181 0.03808825407 0.1422502337 0.07972002806 0.1245050565 0.06035542038 0.146665777 0.001816818635 0.001704513014 0.1390351309 0.115118216
4.391666667 0.02461384864 0.05519752136 0.3397352001 0.5805352308 0.0007947583441 0.003377511451 0.1725758941 0.303217779 0.001161754217 0.01084838373 0.07140186191 0.2156222039 0.1546482536 0.2323357798 0.09675055015 0.2205034929 0.005301747043 0.005211468019 0.2086671118 0.1803539521
4.495 0.04287236694 0.09506985215 0.4521684178 0.7849407775 0.002810910896 0.009719905935 0.2813561202 0.4657757135 0.003200394426 0.02462386799 0.1235030686 0.3135448452 0.2660088564 0.3804397988 0.1500887166 0.3182897792 0.01290136018 0.0130997972 0.3026684197 0.2727624664
4.598333333 0.0705335173 0.1546000666 0.5914145598 0.9914828303 0.008351559911 0.02536530196 0.4113179633 0.648216118 0.007934331032 0.04998327764 0.1952691525 0.432697268 0.4055772553 0.5605534751 0.2242758713 0.4407701074 0.0270813313 0.02864324058 0.4225037625 0.3885764872
4.701666667 0.1115792696 0.2363409163 0.7606775012 1.189530086 0.02167349928 0.05503569113 0.550562818 0.8277404428 0.01716276592 0.09144003364 0.2843725539 0.5691750655 0.5645661621 0.7550369935 0.3188133124 0.5829530446 0.05275012288 0.05650624532 0.5632884021 0.5311951473
4.805 0.1715441484 0.3421546745 0.9625932555 1.366967969 0.04794819688 0.1044903578 0.6794404064 0.9854521111 0.03545355078 0.1561558505 0.3869268144 0.7106200545 0.7284832231 0.9403934777 0.43063966 0.7396907715 0.09490325783 0.1021396774 0.713744549 0.6907376616
4.908333333 0.2557354452 0.469672803 1.19240691 1.518252601 0.09214000331 0.1808701107 0.7893662509 1.114270859 0.06722496024 0.2484810635 0.4985699652 0.8491735119 0.8847614196 1.109576256 0.5520807885 0.8978364732 0.1601534877 0.1747203764 0.8652413727 0.8602210719
5.011666667 0.3680482188 0.6140749174 1.432917187 1.642739482 0.1594142009 0.2865049224 0.8774321581 1.209544545 0.1188661844 0.3721288229 0.6214328085 0.9832671038 1.024350509 1.247348674 0.6828183396 1.055623951 0.2553413444 0.279838976 1.01579976 1.03884872
5.115 0.5071202415 0.7737689176 1.663255645 1.746097469 0.2555085554 0.4216845196 0.9438198495 1.28253628 0.1942091083 0.5317523132 0.7636028742 1.124048302 1.153324415 1.364047754 0.8250479368 1.217631703 0.3844601775 0.4233647862 1.167087653 1.22281583
5.218333333 0.669992412 0.9357797457 1.864137333 1.827686006 0.379416943 0.5866024934 1.010707361 1.354880305 0.2948423331 0.7255627178 0.9227714574 1.277152178 1.272187783 1.470127371 0.9803382259 1.391422927 0.5461164194 0.6013701127 1.327204126 1.407720756
5.321666667 0.8479779354 1.102137896 2.025540072 1.894438111 0.5332573955 0.7811634624 1.09640037 1.449642693 0.4212785655 0.9505524284 1.099694063 1.450900422 1.40795492 1.587352611 1.147961785 1.577109987 0.7377015907 0.8105768912 1.505129148 1.603990914
5.425 1.032944717 1.262994898 2.132798374 1.940913488 0.7160047437 0.9993132608 1.225818719 1.587325752 0.5748689692 1.194335773 1.287122021 1.64437466 1.561967367 1.733963825 1.328261311 1.779197428 0.9535021743 1.046147242 1.693514327 1.811167732
5.528333333 1.21922646 1.418778812 2.18672705 1.964119052 0.9225256695 1.239121462 1.39813514 1.777229409 0.75910766 1.458242847 1.481173172 1.852840245 1.749612966 1.912164268 1.526224227 1.998878283 1.190023186 1.302929511 1.893887611 2.026499066
5.631666667 1.396163396 1.569052752 2.20225871 1.969562147 1.151694903 1.492765083 1.620739644 2.016819006 0.9712501101 1.731134102 1.668185742 2.065711979 1.966934201 2.123629281 1.740250816 2.209751437 1.438886202 1.569142529 2.094728515 2.234636592
5.735 1.561669928 1.704265981 2.174496243 1.951057192 1.395387938 1.750332907 1.863152305 2.274832157 1.206899254 1.986316309 1.836678493 2.261572711 2.197543833 2.357749795 1.952080991 2.404393952 1.687381961 1.829111512 2.275250758 2.423021967
5.838333333 1.712603879 1.826100502 2.122980316 1.913065249 1.644057932 1.995387801 2.104342091 2.521398695 1.464530743 2.21415421 1.97803674 2.419544138 2.415132965 2.578766627 2.15341252 2.559405804 1.920581427 2.067306766 2.424076644 2.573791085
5.941666667 1.848934021 1.932364981 2.054738306 1.853171562 1.883099544 2.215943556 2.304387132 2.7106415 1.732458994 2.392315754 2.09194276 2.536399549 2.588705352 2.757103242 2.323754048 2.66155413 2.123406033 2.266420875 2.527117823 2.676788759
6.045 1.964554253 2.020716368 1.974514834 1.78270654 2.082888334 2.394720579 2.442825158 2.819392413 1.989422379 2.521038974 2.180301266 2.594277645 2.696146003 2.86310934 2.465174411 2.70927691 2.285921895 2.418046315 2.582348495 2.727727284
6.148333333 2.063515228 2.090847732 1.885627396 1.705398103 2.240435362 2.516960381 2.497292737 2.825414079 2.221055013 2.598572841 2.244888803 2.602981582 2.730638608 2.883693149 2.566379606 2.702568382 2.399555743 2.516639744 2.587344499 2.730795614
6.251666667 2.139361304 2.137957459 1.796697931 1.622659001 2.340127149 2.577741367 2.480889199 2.750171542 2.408348202 2.62075146 2.295740386 2.57151934 2.688452309 2.827311806 2.631039293 2.650544826 2.469029598 2.56233983 2.554909533 2.692142696
6.355 2.190637948 2.167041215 1.704026117 1.545654696 2.381722141 2.584989864 2.403017378 2.613367225 2.535574194 2.603524179 2.330547723 2.509765532 2.591553633 2.7069081 2.661448046 2.573095613 2.489225878 2.56068451 2.498753621 2.624652927
6.458333333 2.220505417 2.173070861 1.6183853 1.473087088 2.376387921 2.543461606 2.285553927 2.438717646 2.600221522 2.550545802 2.349338602 2.429924583 2.454517777 2.539109297 2.655809093 2.476092641 2.468575363 2.527826476 2.41895563 2.536362022
6.561666667 2.228902341 2.159778857 1.536280824 1.406533872 2.332814372 2.467710853 2.149780667 2.251551249 2.601288374 2.474498455 2.337249302 2.334832929 2.291793336 2.355760226 2.612587518 2.367818157 2.418862101 2.467012153 2.326336089 2.427928353
6.665 2.209904014 2.132487226 1.457798748 1.350072183 2.265734572 2.370682233 2.008533309 2.066737192 2.556147217 2.380453335 2.29629723 2.227969708 2.125377539 2.164454675 2.535411596 2.245668067 2.345066392 2.396421865 2.215725759 2.304942987
6.768333333 2.175285499 2.092029921 1.386118784 1.302605308 2.18609267 2.260798721 1.878591932 1.892092429 2.478085067 2.275703438 2.218167199 2.110957786 1.963759684 1.982477685 2.430393441 2.113033204 2.263315437 2.315229672 2.092487515 2.167743544
6.871666667 2.12866304 2.043944147 1.322125817 1.261979991 2.102298479 2.14985693 1.753838538 1.737512899 2.381654239 2.164942413 2.102162841 1.984626107 1.8127006 1.816845869 2.290041303 1.97682681 2.17774419 2.224600717 1.958898623 2.022110109
6.975 2.072128267 1.991366064 1.263450578 1.227752325 2.017103039 2.040092297 1.640219438 1.600729224 2.26848379 2.05135218 1.961290569 1.849950495 1.67445119 1.67008441 2.130986742 1.834536497 2.07928771 2.130947287 1.808400413 1.867213091
7.078333333 2.010356181 1.936192139 1.218890755 1.203762601 1.933437632 1.933810386 1.528584038 1.474885582 2.14225395 1.933983117 1.802530777 1.703355223 1.548924306 1.532765882 1.95816715 1.688946291 1.977087121 2.029772444 1.658355346 1.70774923
7.181666667 1.948127879 1.877456055 1.181020224 1.185498217 1.845800486 1.833706031 1.413501799 1.359248252 2.011123185 1.818136317 1.634830811 1.551932523 1.430241938 1.413695952 1.775685442 1.539531585 1.870222398 1.918547657 1.507851867 1.54984752
7.285 1.880309742 1.815286754 1.153972947 1.176351909 1.761208772 1.740989303 1.29582882 1.245978033 1.876489855 1.704673818 1.470976745 1.400483986 1.316752615 1.300224875 1.595308999 1.396015646 1.760559158 1.807216262 1.36107036 1.394530618
7.388333333 1.81114468 1.748974681 1.137663735 1.17428461 1.676284443 1.64834044 1.180821972 1.136357388 1.742336542 1.592876819 1.318031367 1.256497641 1.208880913 1.193827816 1.423119794 1.258929934 1.647319533 1.691969095 1.220696697 1.250664949
7.491666667 1.740489686 1.678789736 1.130446202 1.172154179 1.586631625 1.561749006 1.071492952 1.030034322 1.609902685 1.484488008 1.178278648 1.118977197 1.10675574 1.090655582 1.262431704 1.131097844 1.53386491 1.572941044 1.092515633 1.11654814
7.595 1.667417278 1.60779822 1.132464294 1.172619714 1.500439277 1.472394015 0.9718683803 0.9295307188 1.489374497 1.380032728 1.057483233 0.9928211016 1.01108636 0.9946840954 1.119829179 1.014080195 1.424879961 1.457701534 0.9765098689 0.9953348795
7.698333333 1.594775809 1.532612059 1.132771168 1.170396083 1.415678884 1.387013656 0.8844056592 0.8388002107 1.376866106 1.283444914 0.9578885394 0.8816630868 0.9239541209 0.9058603591 0.9966532774 0.9105557725 1.322949693 1.346905502 0.8741784078 0.8893497862
7.801666667 1.518706081 1.454711401 1.135051189 1.162844379 1.335045933 1.304007997 0.808853729 0.7576414325 1.277096958 1.196005816 0.8740867669 0.784738659 0.8466133325 0.822215685 0.8926068814 0.8165828553 1.232797385 1.246336445 0.7880778352 0.7985657332
7.905 1.443880078 1.377752051 1.128952257 1.150751817 1.260544932 1.22751315 0.7455838343 0.6880133626 1.190707213 1.116593859 0.8055660151 0.7025018273 0.776635178 0.7478474239 0.8025784003 0.7375982135 1.153582394 1.15647641 0.7147520135 0.720602876
8.008333333 1.369986063 1.296621758 1.116824245 1.130942865 1.194814452 1.155492245 0.6939944586 0.6288793864 1.113015247 1.046610074 0.7530866403 0.6351439402 0.7154051579 0.6829195464 0.7317929992 0.6684680971 1.085965859 1.080502065 0.6542396908 0.6546164546
8.111666667 1.296445989 1.216905373 1.093552829 1.104701907 1.137368886 1.091558202 0.6523927673 0.5756396473 1.050535877 0.9888897898 0.7128833582 0.5799413955 0.6635290496 0.6246046401 0.6732617164 0.6112753894 1.030591107 1.016110118 0.6072011236 0.6008464521
8.215 1.229551751 1.141661216 1.058814355 1.071090566 1.089560275 1.03405085 0.6212177692 0.5344298163 0.9983214416 0.9357725604 0.6857565561 0.5382026596 0.6187839953 0.5760441395 0.6252450053 0.5651055086 0.986440592 0.9644335282 0.5696964673 0.5577410739
8.318333333 1.167361363 1.068520835 1.020549302 1.033637131 1.048420201 0.9838611495 0.6010834887 0.5005134766 0.9581512354 0.8933860079 0.6681564027 0.5087101172 0.5830640538 0.5341128558 0.5860555838 0.5294535204 0.9524913108 0.9230985404 0.5397702137 0.524481305
8.421666667 1.108494607 1.001802257 0.9795128178 0.9935695739 1.016473151 0.9378082856 0.5896407672 0.4751235403 0.9270070841 0.8561494328 0.6601881499 0.4884834342 0.5544858529 0.5007278221 0.5568850915 0.5025197368 0.9268508848 0.8893947966 0.5188453283 0.498939869
8.525 1.054315023 0.940838155 0.9402893434 0.9529364459 0.9914849457 0.8995791173 0.5863653722 0.456644942 0.9040439036 0.8273542045 0.6594726261 0.4779610734 0.5343326287 0.4737763136 0.5349265629 0.4825688912 0.907448746 0.8645493559 0.5047673034 0.4822401902
8.628333333 1.002918957 0.8837186024 0.9015950017 0.9131959641 0.97166287 0.8673331572 0.5911149244 0.4455501078 0.8895297854 0.8021632299 0.6661529261 0.4773483965 0.5216143068 0.4536500334 0.5218129606 0.4695214048 0.8927746218 0.8448204234 0.4975088674 0.4718596227
8.731666667 0.9554283092 0.8317878943 0.8685023082 0.8764600685 0.9566010937 0.8400963574 0.6054090136 0.4398163118 0.8788361485 0.780197129 0.6805901811 0.4813955483 0.5151230976 0.4420151524 0.5175775565 0.4650354491 0.8811938091 0.8300855402 0.497751691 0.4676367274
8.835 0.9124571613 0.7873758096 0.8400482547 0.8431988177 0.9451112299 0.816254913 0.6257912694 0.4406718955 0.8706857176 0.7621780633 0.7004226127 0.4932340892 0.514295635 0.4336004552 0.5210284172 0.4635548289 0.8711243848 0.8160855625 0.5044842199 0.4696658214
8.938333333 0.8709866789 0.7458477792 0.8137703995 0.810663498 0.9381126527 0.7970999167 0.6516593197 0.4470789927 0.8655552692 0.7457159511 0.7258314461 0.5097698556 0.5195897114 0.4325176983 0.5297132619 0.4676226684 0.8609821893 0.8034470352 0.5171228985 0.4749167293
9.041666667 0.830361494 0.7081154431 0.7911066729 0.78231709 0.9304668631 0.7812545267 0.6832954676 0.4595172452 0.8619538733 0.729234095 0.755107704 0.5322184457 0.5293083654 0.4346165161 0.5455982558 0.4745606562 0.8483327018 0.7902235576 0.532797717 0.4859659497
9.145 0.7938069528 0.6747512827 0.7723042226 0.7566102576 0.9242325285 0.769114835 0.7160564029 0.47644285 0.8573315227 0.7142155992 0.7860191221 0.5558527071 0.5422843183 0.4406947915 0.5657508769 0.4850535214 0.8354626679 0.7788502957 0.5528081443 0.4997596628
9.248333333 0.7608564287 0.6457632731 0.7567002714 0.7341308314 0.9170406587 0.7579164895 0.7522295344 0.4975602614 0.8528260552 0.700092176 0.8210045748 0.5822022475 0.5585557678 0.4506446468 0.5883725373 0.4986136238 0.8217160184 0.7655252188 0.5767461547 0.5154135232
9.351666667 0.7304238721 0.6213585295 0.7408653123 0.7154162302 0.9080997052 0.7487465843 0.788556195 0.5204551554 0.8483467035 0.6860184955 0.8539672809 0.6114974508 0.5785855134 0.4627733856 0.6155274309 0.5130286177 0.8084625851 0.7517560168 0.6006591191 0.5331663384
9.455 0.7024293907 0.600427793 0.7258595976 0.6995455028 0.8988738891 0.7414028986 0.8252245374 0.5471945541 0.8442121278 0.6731623076 0.8895557796 0.6397444618 0.6002844598 0.4788450526 0.6424841097 0.5301107655 0.7946638747 0.7396793025 0.6259540622 0.5527571669
9.558333333 0.6783234742 0.585084009 0.7117062971 0.686997451 0.8893279585 0.7349156087 0.8597373549 0.5751971296 0.8403263751 0.661563535 0.9209411757 0.6684892525 0.6246825747 0.4957410971 0.6711948497 0.5468275785 0.7823706446 0.7266646903 0.6517695626 0.5719442516
9.661666667 0.6562502986 0.5737191603 0.7003337858 0.6775597757 0.8791588857 0.7277733812 0.8922955751 0.6056885659 0.8386693106 0.6505638417 0.9514191322 0.6956959391 0.6501367552 0.515463573 0.700652816 0.5645700551 0.7707965828 0.7137530517 0.6769293828 0.5919454001
9.765 0.6377297703 0.5648568287 0.6907529853 0.6722646239 0.8696941429 0.7220558832 0.9232524811 0.6356615103 0.8366996457 0.6416130252 0.9774910591 0.7221087924 0.6750672682 0.5364173929 0.728550088 0.5835579688 0.7602085354 0.7018389114 0.7007863672 0.611238591
9.868333333 0.6195643753 0.5597305153 0.6820041522 0.6705596426 0.858857077 0.7177528871 0.9506939648 0.6670263098 0.8342551279 0.6343014872 0.9993862373 0.7452906772 0.6993952913 0.5570762091 0.7558223249 0.6019599071 0.75077985 0.6899538321 0.7255590652 0.6297928887
9.971666667 0.6054053325 0.5578707311 0.6769546315 0.6710404106 0.847912418 0.7105821879 0.9750272324 0.6981165679 0.832055758 0.6275361419 1.015219314 0.7660812533 0.724772289 0.5795568449 0.7820096788 0.6200169805 0.7446268246 0.6785053956 0.7484604684 0.6484250912
10.075 0.5927625366 0.5583664227 0.6727929744 0.6753609062 0.836140953 0.7047699517 0.9965723264 0.7291144176 0.8305908655 0.6229293377 1.026820146 0.7843803036 0.7488419397 0.6030059097 0.8064185812 0.6392412034 0.7372862742 0.6675308255 0.7685538832 0.6676653607
10.17833333 0.5829202659 0.5613638461 0.6719759404 0.6813237072 0.8257142025 0.6976408661 1.013500228 0.7585542917 0.8314195315 0.6192686164 1.035677453 0.8003996197 0.7721710943 0.6260312333 0.8289456425 0.658349631 0.7319379967 0.6577593974 0.7873874477 0.6842204657
10.28166667 0.5747286001 0.5668674088 0.6726047317 0.6894716418 0.8158939378 0.6926907226 1.028744239 0.7865188136 0.8319712274 0.6179518496 1.039418694 0.8140112994 0.795001223 0.649568392 0.8490910796 0.6756236682 0.7277545088 0.6489702711 0.8051441375 0.7008129781
10.385 0.5687911287 0.5748110633 0.6754006295 0.6998759943 0.8057618286 0.6863034362 1.042364908 0.8130095669 0.8326080217 0.6163333313 1.039674093 0.8265336643 0.8166998936 0.6734254864 0.866153428 0.6942253082 0.7247939219 0.6430773893 0.8218612562 0.7157419226
10.48833333 0.5667420488 0.5845503171 0.6809385893 0.7123459598 0.7931799409 0.67970046 1.052577317 0.840442869 0.8346664375 0.6173323986 1.036040438 0.8368327116 0.8369367993 0.6965435549 0.8805995776 0.7116763595 0.7219943155 0.637295912 0.8355718973 0.7306789753
10.59166667 0.5651406266 0.5964272895 0.6887995268 0.7265652315 0.7846917567 0.6741948005 1.059504364 0.8646076197 0.8372463562 0.6201283617 1.028911327 0.8446697491 0.8569213108 0.7195289014 0.89252959 0.7295196732 0.7217899 0.6339064195 0.84854711 0.7452583907
10.695 0.5678566574 0.60992238 0.6993808385 0.7415404762 0.7762356158 0.6689204873 1.064480411 0.8878224467 0.8400101249 0.624506262 1.019078103 0.8534985307 0.8749953592 0.7426903257 0.9020528193 0.747413531 0.7234082288 0.6337946639 0.8603784885 0.7590519887
10.79833333 0.5723557648 0.6259112909 0.7120545219 0.7570670029 0.7690642064 0.664715884 1.065757031 0.9081455027 0.8443479457 0.6314767307 1.007076583 0.8619119596 0.8933816316 0.7663554807 0.9079881704 0.7658158335 0.7260821415 0.6333737258 0.8700911094 0.7730321407
10.90166667 0.5797883927 0.6425724334 0.726308098 0.7748945948 0.7643795595 0.6610316718 1.066709366 0.9286064378 0.8482843172 0.6401780711 0.9937695835 0.8681252954 0.9116547274 0.7895080543 0.9137984881 0.7848831179 0.729737547 0.6378034704 0.8816313206 0.7881023537
11.005 0.5898271904 0.6628392783 0.7421420476 0.7917342067 0.7610717074 0.6583923734 1.066520718 0.9481509243 0.853220046 0.6494901579 0.980508545 0.8769905077 0.9280084781 0.811448058 0.9166549813 0.8054189206 0.7354299486 0.6442284923 0.8912800374 0.8025095883
11.10833333 0.6022156955 0.6838193878 0.7585631606 0.8110741803 0.7612434253 0.6591138218 1.064548578 0.9649467933 0.8574268727 0.6626491205 0.9654796787 0.8843186656 0.9422307097 0.8346398895 0.9189535611 0.824438481 0.7423427962 0.6518446272 0.9007304848 0.8181739479
11.21166667 0.6173681813 0.7060716326 0.7775074591 0.8310878102 0.762535296 0.6616130936 1.060903507 0.9795353474 0.8610592481 0.6766832332 0.9516469449 0.8922858015 0.9562655721 0.8573891087 0.9202961992 0.8439370385 0.7494668022 0.6628544717 0.9108405526 0.8345863018
11.315 0.6351595131 0.730383182 0.7980431446 0.8502908302 0.7659994564 0.6657496917 1.057575806 0.9922790443 0.8656517808 0.6921212812 0.9390108058 0.9015770023 0.9693766057 0.8807520726 0.920657562 0.8657555535 0.7591999275 0.6755775471 0.9202238402 0.8514067238
11.41833333 0.6546787625 0.7545854916 0.8199235673 0.8705430547 0.7710757127 0.6733740721 1.052561929 1.005050068 0.8694370118 0.7106510832 0.9279484514 0.9109656501 0.9808436077 0.9032699036 0.9216383917 0.8870283525 0.7702900618 0.6910871158 0.9293437298 0.8674491885
11.52166667 0.6766591378 0.7803779733 0.8414060238 0.8904322511 0.7805697597 0.6831466688 1.046106038 1.017058859 0.8733667429 0.7297719292 0.9178170429 0.920362732 0.9924318401 0.9254302452 0.9208796671 0.9082645822 0.7822234222 0.7079770397 0.9382710773 0.8854928603
11.625 0.7009131108 0.8065188373 0.8640081237 0.9117064028 0.7910645075 0.6968321547 1.039309169 1.025291872 0.8781037878 0.7510506788 0.9085710257 0.9300833041 1.004752327 0.9470427449 0.9200865323 0.9305795608 0.7951139877 0.7269223955 0.9486373336 0.9043093874
11.72833333 0.7262100428 0.8332253004 0.8868214083 0.9320960408 0.8030849701 0.7119544961 1.032934786 1.03384845 0.881345708 0.7743692609 0.8999332736 0.94224383 1.013426238 0.9694480754 0.921314827 0.9513917022 0.8088531377 0.7481855087 0.957852421 0.9225260959
11.83166667 0.7529161817 0.8602666744 0.9095454682 0.9528870275 0.8164653726 0.730592448 1.025482115 1.04181747 0.8856169371 0.7995365554 0.8918467635 0.9530259875 1.02165007 0.9907615371 0.9209661776 0.9715914227 0.8248970909 0.7695351178 0.9674893945 0.9410290029
11.935 0.7810896842 0.8875474686 0.932561801 0.9729907186 0.8300515299 0.7506523716 1.018233633 1.049982896 0.8897005222 0.8235353203 0.8849796995 0.964724685 1.028905209 1.011997154 0.9215389903 0.9933812951 0.8392711629 0.792038571 0.9772898327 0.9597016927
12.03833333 0.8107604702 0.9137665441 0.9555531038 0.9924408129 0.8448921488 0.773291825 1.010965227 1.05716906 0.894563636 0.8505194422 0.8795905283 0.9767817917 1.036505136 1.032624488 0.9217826132 1.014638554 0.8547552226 0.8160077064 0.9868157555 0.9794418925
12.14166667 0.8408554939 0.9394534421 0.9777330753 1.012185477 0.8604075449 0.7969188858 1.003716207 1.063086059 0.898524165 0.8770664024 0.8750801382 0.9895410794 1.042306856 1.052565057 0.9229619045 1.033180052 0.8705571969 0.8412217493 0.9970369242 0.9992203968
12.245 0.8709567584 0.9657223238 0.9999926173 1.031119015 0.8760684935 0.8227074067 0.998744181 1.071560274 0.9015630511 0.9028606982 0.8724291557 1.002293143 1.04793105 1.071776852 0.9250873111 1.052307908 0.8858406242 0.866459005 1.006521037 1.018511145
12.34833333 0.9020541299 0.990685078 1.021154028 1.048296577 0.8917078105 0.8492797134 0.9919744556 1.077836213 0.9051894977 0.9304937715 0.8715091836 1.014931968 1.052326506 1.090741399 0.9284171665 1.072808852 0.9014413809 0.8906512212 1.01648453 1.037491175
12.45166667 0.9339495072 1.013436573 1.041090565 1.065036328 0.9053876822 0.8764760823 0.9867973216 1.085195114 0.9085888544 0.9572466802 0.8711388447 1.02824579 1.05800814 1.107558648 0.933307502 1.09091481 0.9166254226 0.9156918631 1.026195972 1.057203057
12.555 0.9629657507 1.035154396 1.061333113 1.080294903 0.9195365028 0.9032309917 0.9828799395 1.09202725 0.9115991858 0.9826118586 0.8734974872 1.0420946 1.062085913 1.124507729 0.9391053651 1.10801276 0.9310397034 0.9404408713 1.036172467 1.075411062
12.65833333 0.9925163478 1.057890219 1.078449469 1.094708607 0.9322214321 0.9299954863 0.9783604471 1.098807747 0.9146018144 1.007043787 0.8770967644 1.054880672 1.066304741 1.140490924 0.9456643351 1.124803135 0.9452000538 0.9641274004 1.046255125 1.092987182
12.76166667 1.020555869 1.077920013 1.095609027 1.10656241 0.9452712363 0.9564226036 0.9743437817 1.105574621 0.9185919419 1.031433711 0.8818347141 1.06663255 1.070204862 1.155901907 0.9532595735 1.139283317 0.9589565773 0.98689455 1.056054254 1.109809385
12.865 1.047070421 1.098189343 1.112314146 1.118934373 0.9555124911 0.9813779122 0.9717031521 1.112235223 0.9224763247 1.054981594 0.8883020702 1.07874298 1.073309804 1.170512785 0.962086094 1.153562155 0.9714650857 1.009317142 1.065163238 1.126611667
12.96833333 1.073348983 1.115443972 1.126383109 1.129074009 0.9652550585 1.006993595 0.9687669481 1.119028915 0.9257939466 1.076569811 0.8952916834 1.090538212 1.077617696 1.184373533 0.9717686917 1.166817507 0.9841488585 1.031184652 1.075290669 1.141163388
13.07166667 1.098010036 1.132341977 1.14080537 1.13908008 0.9749378943 1.030570181 0.9671831853 1.125154197 0.9310834032 1.097219095 0.902867546 1.102021607 1.081266076 1.195905781 0.9814642725 1.17987725 0.9959755344 1.051764318 1.08441438 1.155680971
13.175 1.119726882 1.146076413 1.151559806 1.146378566 0.9840857953 1.053419474 0.9655335204 1.130606769 0.9348861709 1.116706115 0.9123266976 1.111644493 1.084100826 1.20641065 0.9922385078 1.190100647 1.007502374 1.070479279 1.093095768 1.168529067
13.27833333 1.140602309 1.158802245 1.163364067 1.152950437 0.9922866619 1.074607145 0.9647177267 1.135190518 0.93872923 1.134429453 0.9210259224 1.120061517 1.086893539 1.216011234 1.003900217 1.199398592 1.018519391 1.089080826 1.101800219 1.179945202
13.38166667 1.159877193 1.169858809 1.172423466 1.15880767 0.998980771 1.093460557 0.964951899 1.13976992 0.9423414934 1.149016948 0.9299723446 1.128850078 1.089524155 1.224249767 1.014822552 1.208345075 1.027288614 1.10642406 1.108841028 1.189122285
13.485 1.1753303 1.180506657 1.180866533 1.162083771 1.004574192 1.110595454 0.9645565198 1.144122817 0.9460434068 1.163700363 0.9397702829 1.13676942 1.092384691 1.23106974 1.025470868 1.214765286 1.037123575 1.121991386 1.115918715 1.197482388
13.58833333 1.189481571 1.187544065 1.186887961 1.164112337 1.008896218 1.12686368 0.9649371804 1.147870717 0.9505508725 1.176419548 0.9476968833 1.142806396 1.094040647 1.235973153 1.036753571 1.220392141 1.045685641 1.135726163 1.122825996 1.204340313
13.69166667 1.201983123 1.193690319 1.191755187 1.166121131 1.014243652 1.14216059 0.9664906477 1.150371864 0.9548950461 1.186644991 0.9552369213 1.146327692 1.096678008 1.239427753 1.047670423 1.222658085 1.055117727 1.148216076 1.128720665 1.209419524
13.795 1.211476815 1.199033879 1.194474767 1.166590691 1.018118761 1.155559024 0.9686065229 1.152083273 0.9594788889 1.19588693 0.9627979912 1.150143917 1.099472967 1.242459621 1.057539228 1.225289751 1.062346897 1.158394684 1.133467445 1.212801416
13.89833333 1.21937986 1.202182024 1.195858141 1.165185525 1.02185302 1.166781911 0.9700644098 1.151646265 0.9643137409 1.203447687 0.9709727433 1.153073134 1.100782039 1.243941975 1.066811889 1.226169599 1.068814501 1.168099166 1.137082614 1.215748474
14.00166667 1.22551219 1.203675852 1.196199167 1.163319097 1.024386079 1.176971138 0.9719610118 1.151979057 0.9687386169 1.209184155 0.9788599992 1.15468687 1.100907013 1.24323532 1.075852718 1.225103382 1.075048983 1.176420554 1.140989533 1.215931054
14.105 1.229384391 1.203339076 1.195133429 1.160499848 1.027908729 1.184496432 0.9747537161 1.151945663 0.9735425217 1.212383002 0.986778788 1.154666465 1.101642559 1.241763437 1.083635964 1.223315394 1.081024487 1.182632519 1.143209879 1.214423777
14.20833333 1.230737623 1.201822023 1.191628533 1.156784347 1.031174988 1.190871889 0.9777768479 1.150773503 0.9778516844 1.215608242 0.995249889 1.153609841 1.103096747 1.239892438 1.090951308 1.220600559 1.085674546 1.187768271 1.145017887 1.213283736
14.31166667 1.230342308 1.199097368 1.187605083 1.151625425 1.033891717 1.196107787 0.9811529147 1.148337413 0.9823601839 1.216520955 1.002338261 1.152846591 1.103045676 1.235382375 1.097694944 1.216352385 1.090299581 1.190486228 1.144720141 1.209610046
14.415 1.227793553 1.194252147 1.181797473 1.146526044 1.036101094 1.199975229 0.9842682689 1.144764082 0.9873846044 1.216186206 1.009880017 1.150923337 1.102216053 1.229881964 1.104278865 1.210141441 1.093223593 1.192701944 1.144139204 1.204285169
14.51833333 1.224611541 1.189213 1.175618913 1.140612969 1.038766296 1.202252166 0.9880548627 1.141116173 0.9920950699 1.213472361 1.01754894 1.147034492 1.101264442 1.22395843 1.110012897 1.203572752 1.096771252 1.193701663 1.141853934 1.198580592
14.62166667 1.219274177 1.183218825 1.168321369 1.133146179 1.040698129 1.202863915 0.9908593167 1.137211667 0.9976346999 1.209867718 1.024461361 1.142180957 1.101141678 1.217526259 1.114397571 1.195653095 1.099091121 1.192689097 1.139945766 1.192030794
14.725 1.213036378 1.175538668 1.160175658 1.125278796 1.04406225 1.202615202 0.9951123254 1.132957144 1.002961174 1.20602754 1.031713091 1.138176589 1.100413078 1.209516912 1.118071958 1.186269625 1.101161243 1.189770426 1.137059468 1.183105146
14.82833333 1.205515936 1.167644356 1.150765893 1.117708554 1.04570883 1.200640436 0.9985441789 1.128363952 1.006721318 1.200252577 1.037976235 1.132521345 1.098794462 1.200687952 1.120295436 1.177127234 1.102413382 1.187630841 1.133491189 1.174016015
14.93166667 1.196044832 1.158004123 1.140341604 1.109810019 1.04784394 1.198203717 1.002465565 1.120209598 1.011394136 1.192969527 1.044628972 1.126506775 1.097022042 1.190047274 1.123411106 1.166376956 1.103047751 1.183645637 1.128430087 1.164416504
15.035 1.185890073 1.148635994 1.129375767 1.099721717 1.050513731 1.193548152 1.006956235 1.113157661 1.016771114 1.185223497 1.050274794 1.1197982 1.094693109 1.179310524 1.124830972 1.155095183 1.10282397 1.177595336 1.12364294 1.155766696
15.13833333 1.175659965 1.138457185 1.118590761 1.090565102 1.053631686 1.188940966 1.009520448 1.106372007 1.021055586 1.176802309 1.055355226 1.11292847 1.091484965 1.167045715 1.125524801 1.143658556 1.102612078 1.170504837 1.117356799 1.144284385
15.24166667 1.164805328 1.128370217 1.106984121 1.081294895 1.05586797 1.184096874 1.013190858 1.097412241 1.025659402 1.16679611 1.060329041 1.105800886 1.08775521 1.153428143 1.125274281 1.132161447 1.102923943 1.164223338 1.110527619 1.133334772
15.345 1.152872829 1.116104705 1.095895982 1.071168259 1.057233776 1.177390021 1.016491646 1.087998722 1.030412105 1.157560626 1.0649596 1.098783927 1.0838025 1.140598752 1.125399171 1.118521787 1.101770601 1.156710526 1.104511754 1.122023288
15.44833333 1.141021989 1.104685157 1.084454944 1.062612678 1.059513846 1.170645973 1.019050706 1.079353533 1.033652967 1.147160754 1.069114486 1.090696956 1.078698076 1.126413196 1.123919834 1.105319427 1.100569421 1.14904225 1.096770912 1.110359731
15.55166667 1.128286219 1.09332021 1.072501408 1.053110042 1.062018287 1.161805157 1.021659831 1.069005197 1.037644994 1.136152023 1.073464841 1.082936504 1.073753387 1.111142794 1.121890437 1.092396873 1.09838432 1.14065152 1.089403019 1.09845561
15.655 1.116343224 1.081816126 1.060552649 1.043438657 1.063240827 1.154519323 1.024477824 1.057519419 1.041981641 1.124663694 1.076337928 1.073979129 1.068600698 1.095981428 1.119240545 1.079517212 1.097120181 1.131000516 1.080923856 1.085012334
15.75833333 1.104274588 1.070549512 1.048732733 1.033619471 1.064382726 1.144797952 1.027265448 1.046804969 1.045813984 1.113611204 1.078651719 1.065860787 1.062359827 1.079984188 1.115758324 1.065631163 1.095047277 1.121283056 1.072021452 1.073282685
15.86166667 1.091534866 1.059329085 1.037367541 1.024146912 1.065418545 1.135564562 1.027623445 1.035712671 1.047815869 1.101351964 1.08066901 1.0558219 1.05635726 1.063708772 1.111651194 1.052208884 1.092028877 1.112062728 1.063603295 1.061112322
15.965 1.078934241 1.047958473 1.026766225 1.014991453 1.06601879 1.127299392 1.02917033 1.02387398 1.050381686 1.089440831 1.081878033 1.047378374 1.049379099 1.047193587 1.106486735 1.038271741 1.089397169 1.102089764 1.054897175 1.048491122
16.06833333 1.065878531 1.036687335 1.015862368 1.005808613 1.067167948 1.116485492 1.029999102 1.011740182 1.052950583 1.077349716 1.082504991 1.038111887 1.042099537 1.029726258 1.101367503 1.024738584 1.086556896 1.09227264 1.045135337 1.035871273
16.17166667 1.053873094 1.026050218 1.005673709 0.9974662816 1.066929603 1.105881619 1.029707873 1.000251275 1.054921598 1.066307295 1.082357967 1.029556391 1.034008563 1.013825845 1.095428754 1.012372597 1.082807058 1.08221008 1.035993435 1.024798754
16.275 1.04186123 1.015373208 0.9946750585 0.9890440833 1.067050487 1.095163991 1.029199256 0.9890820524 1.056696155 1.054648834 1.081870273 1.020509184 1.02673635 0.997981444 1.08870608 0.999188734 1.078539763 1.072272146 1.026281319 1.011755762
16.37833333 1.030610364 1.00641996 0.9852770011 0.9812723118 1.067363026 1.085200254 1.027954904 0.9778262292 1.058441363 1.043383743 1.08072002 1.01110544 1.018702121 0.9818500683 1.08210854 0.9856913642 1.074482726 1.062786139 1.017348599 1.001022368
16.48166667 1.018904454 0.9957847005 0.9763753173 0.9737535642 1.066293079 1.074554985 1.025311013 0.9661357199 1.059780127 1.031778411 1.07821565 1.002550705 1.010515794 0.9660550912 1.074433048 0.9730439539 1.070348986 1.052476949 1.007781786 0.9893743122
16.585 1.00789983 0.9867609575 0.9671490215 0.9666952811 1.065809016 1.063803919 1.024257716 0.9554644154 1.060838365 1.020675402 1.074072179 0.9936856971 1.002275748 0.9510499747 1.066043661 0.9611287105 1.066001133 1.042870735 0.9982117493 0.9792670612
16.68833333 0.9984682352 0.9779051223 0.9587467542 0.9599804583 1.064038852 1.052955384 1.020805316 0.9458153557 1.062431553 1.0098992 1.071439594 0.9845680593 0.9942908798 0.9365016387 1.058056478 0.9493637329 1.061576513 1.033635068 0.9886041434 0.967660577
16.79166667 0.9879137099 0.9704289893 0.9512760136 0.9539673799 1.062056031 1.042132314 1.018089806 0.9364804846 1.063503728 1.001033053 1.066721679 0.975388912 0.9862417736 0.9225931923 1.049551515 0.9385894135 1.057311249 1.025164309 0.9797983581 0.9578319651
16.895 0.979057042 0.9635477937 0.9439739399 0.9479023544 1.060355074 1.031786656 1.014958059 0.9272375841 1.063520297 0.990998279 1.061187973 0.9669650077 0.9784386433 0.9101491762 1.041686844 0.9274194999 1.052741392 1.016354923 0.9713427655 0.9483392073
16.99833333 0.9699760477 0.95591414 0.9379552223 0.9425287474 1.05785312 1.021165537 1.01235897 0.9192834242 1.06368695 0.9820648936 1.0565654 0.9591110737 0.9710140604 0.8981174236 1.031898342 0.917456042 1.047920227 1.008403747 0.9638273359 0.9384986055
17.10166667 0.9620688917 0.9498463793 0.9318262041 0.9370047785 1.054711194 1.011353099 1.008489551 0.9114461343 1.062930701 0.9727254874 1.050873321 0.9518033988 0.9639321602 0.8866469274 1.023420551 0.9087609302 1.042369056 1.000049206 0.9561529944 0.9298272616
17.205 0.9548212217 0.9442136451 0.9262842208 0.9335113426 1.051957991 1.002096946 1.005069808 0.9049177945 1.063517793 0.9641724379 1.045872014 0.9438925421 0.9572316591 0.8762823566 1.014615793 0.9006230549 1.038021953 0.9928981191 0.9486277553 0.9228679555
17.30833333 0.9475371719 0.939301308 0.9213259857 0.9298914106 1.048083938 0.9924138607 1.001731191 0.8994178299 1.063602886 0.9566853034 1.040434074 0.9368089486 0.9511654696 0.8671336218 1.006392021 0.8918557313 1.033346252 0.9853314657 0.9416603984 0.9154015215
17.41166667 0.9409847899 0.9342335819 0.9173013969 0.926506172 1.045203912 0.9830492013 0.9984799517 0.8942811219 1.062734441 0.9497997902 1.034501007 0.9309490975 0.9456238735 0.8595033234 0.9981319457 0.885011688 1.028020091 0.9781681543 0.9355465072 0.9084437965
17.515 0.9340373976 0.9296056037 0.9138045921 0.9240787426 1.041151319 0.9748222412 0.9942064313 0.890395431 1.061543571 0.9425192596 1.029261312 0.9252229112 0.9409190426 0.853023378 0.9900399664 0.87880009 1.023356828 0.9718085524 0.9294587707 0.9021349094
17.61833333 0.9294993818 0.926339471 0.9113269667 0.9222472644 1.036782409 0.9666295497 0.9911579108 0.8881615642 1.061020712 0.9360969564 1.02340169 0.9197975235 0.9361900362 0.8474989972 0.9823505796 0.8736683442 1.018236823 0.9656655365 0.9240591975 0.8972563661
17.72166667 0.9247414665 0.9234955338 0.908911832 0.9208063544 1.032912134 0.9581529856 0.9887268315 0.8862409161 1.06001926 0.9307273443 1.018599918 0.9155957105 0.9325724471 0.8431337382 0.9745481349 0.8695532389 1.013815124 0.9601324952 0.91998794 0.8930229378
17.825 0.921197471 0.9215436105 0.9068025523 0.9187281119 1.02860209 0.9509355264 0.9860875247 0.8851351433 1.058079152 0.9257360107 1.0139294 0.9117651214 0.9287342329 0.8398739311 0.9682144682 0.8659971512 1.009188588 0.9543886404 0.9157171395 0.8891900261
17.92833333 0.9179455382 0.919487235 0.9052966165 0.9181998979 1.02396099 0.944330809 0.984983004 0.8853523064 1.056782733 0.9212278172 1.010315044 0.908597171 0.9269652984 0.8384794327 0.9610817834 0.8633248295 1.004000364 0.9490849468 0.9128449661 0.8858279644
18.03166667 0.914239426 0.9181534098 0.9043635562 0.918308161 1.019216445 0.9368640336 0.9832908436 0.8866996556 1.054820114 0.917412109 1.00585777 0.905773893 0.9245823393 0.8379651231 0.9548414988 0.8613592114 0.9996557747 0.9442084241 0.9103738842 0.8832323673
18.135 0.9117480773 0.9167201903 0.9047238427 0.9183573687 1.015497162 0.9304703578 0.9819309515 0.888465075 1.052680592 0.9133746741 1.002447326 0.9038466192 0.9237464313 0.8374018431 0.9499946154 0.8612076438 0.9946397857 0.9404899634 0.9093206668 0.882239329
18.23833333 0.9099331888 0.9165964278 0.9042718012 0.9190413074 1.011191321 0.9252713432 0.9814090843 0.8904495862 1.050728922 0.9105629546 0.9987471816 0.902455062 0.9225931491 0.8389539517 0.9459008831 0.8616041712 0.9907679209 0.9365240312 0.9079384587 0.8813558828
18.34166667 0.9084610178 0.9162125241 0.9052058876 0.919795552 1.006851535 0.9204203264 0.981936761 0.8937898 1.04750773 0.9082995221 0.9953071683 0.9023807402 0.9227384398 0.8411993066 0.9420780088 0.8628744954 0.986213551 0.9330136894 0.9078251122 0.8817963565
18.445 0.9075984922 0.9165157311 0.9068483128 0.9216532915 1.002978294 0.916074411 0.9811447121 0.8977597717 1.043778303 0.9066093333 0.9921118833 0.9029557103 0.9233461231 0.8444435279 0.9373227988 0.8652152494 0.981523785 0.9290341013 0.9080400157 0.8829550447
18.54833333 0.9075784621 0.9176363324 0.9093358753 0.9234526236 0.9992922228 0.9121457859 0.9826353047 0.90250933 1.040973957 0.9049867382 0.9891583941 0.9032529882 0.9252554328 0.8490475444 0.9340431982 0.8678314305 0.9780627375 0.926654457 0.9092426319 0.8839612718
18.65166667 0.9072687517 0.9188235624 0.9110336503 0.9256894842 0.9951505838 0.9082971644 0.9836360329 0.907215244 1.037372777 0.9038110389 0.9854594934 0.9043451579 0.9266424874 0.8541952461 0.9315049162 0.8708293503 0.9742426874 0.9234401648 0.9110148724 0.8860325485
18.755 0.9078556859 0.9201206557 0.9129669125 0.9281059998 0.9916859627 0.9055575843 0.9849361671 0.9130389052 1.032960144 0.9027829343 0.9836062432 0.9065730552 0.9279642642 0.8597099261 0.9300145052 0.8754218146 0.9704907938 0.9218564298 0.9128500704 0.8886484834
18.85833333 0.9089274298 0.9222912061 0.9160343482 0.9317503325 0.9882808064 0.9038471544 0.9866904941 0.919156823 1.028938267 0.9024903325 0.9814615155 0.9100560526 0.9299762301 0.8663581681 0.9287590524 0.8805899652 0.9667669901 0.9202302179 0.9159472099 0.8915486776
18.96166667 0.9103531374 0.9239201841 0.9195753572 0.9349496113 0.985559405 0.9017410625 0.9894054788 0.9262894633 1.025101765 0.9031134269 0.9795581426 0.9127935785 0.933645766 0.873429799 0.9277732815 0.8858357281 0.9631804306 0.9197994396 0.918727297 0.8957319642
19.065 0.9121950863 0.9263977843 0.9232664149 0.9382164896 0.9822666972 0.9005219351 0.9914689999 0.9327514866 1.021418818 0.9041283102 0.9783566131 0.9167849124 0.9365794912 0.8814899965 0.9277366168 0.891818948 0.9598331843 0.9184189464 0.9225130297 0.9000845526
19.16833333 0.9147609456 0.9294643136 0.927636487 0.9421040593 0.9790511203 0.8997803491 0.9934612142 0.939746757 1.0164565 0.9056705583 0.9772166886 0.9209025529 0.9407040186 0.8896347549 0.9279357704 0.8989584581 0.9568359055 0.9168792602 0.9261361029 0.9047762538
19.27166667 0.9179177867 0.9328482947 0.9319504176 0.9461560015 0.9767757577 0.8993127616 0.9960164282 0.9468974135 1.012575195 0.9068331207 0.9761122796 0.925941604 0.9436814646 0.8982689503 0.9282458329 0.9065085694 0.9549835655 0.9168203652 0.9309355811 0.9101392146
19.375 0.9205646968 0.9356328904 0.9377249049 0.950635959 0.9746651882 0.9002298115 0.9983074856 0.9546957709 1.008297153 0.9096799699 0.9763183143 0.9314531436 0.9481904334 0.9076028618 0.9297605816 0.9142369915 0.9528443326 0.9171930566 0.9348735534 0.9156871918
19.47833333 0.9245378053 0.9392132404 0.941862165 0.9548447508 0.9735044774 0.9008836751 1.000621857 0.9627474112 1.004095903 0.911768017 0.9759680424 0.9370114543 0.9528152303 0.9164635634 0.9318218238 0.9220547713 0.9505440293 0.9182212378 0.9403119622 0.9221658136
19.58166667 0.9283000986 0.9427767843 0.9472838721 0.9587731816 0.9720579654 0.9020325948 1.002688966 0.9705527463 1.000069096 0.9147382485 0.9763461214 0.9428594791 0.9581800728 0.9257141688 0.9347266905 0.9300170233 0.9492211168 0.919264407 0.9456036517 0.9281141066
19.685 0.9320839953 0.9470869113 0.9534534465 0.9644093085 0.9709882132 0.9041995397 1.00492477 0.9775500782 0.99544626 0.9184426669 0.9768532855 0.9490702243 0.9635735443 0.9368657073 0.9375776815 0.9391688849 0.9486525138 0.9206066721 0.9511536527 0.9348498692
19.78833333 0.9362663744 0.9512190423 0.9595425919 0.9693867443 0.9697074388 0.9065278319 1.006440743 0.9846626835 0.9914893713 0.9215783349 0.9776831904 0.9550140341 0.9686795483 0.9473305891 0.9410031659 0.947981304 0.9476992271 0.9227021863 0.957185938 0.9418632638
19.89166667 0.9408231277 0.9554644097 0.9656893564 0.9740884976 0.9690609204 0.9091374677 1.007433059 0.9910361359 0.9880605838 0.9252973349 0.9789460521 0.9617070894 0.9732521991 0.9566123572 0.9445137788 0.9562897541 0.947312337 0.9246043104 0.9618356333 0.9494237655
19.995 0.9458718136 0.9598305212 0.9714839096 0.9793133886 0.9684846735 0.9122601972 1.008669101 0.998003064 0.9848197094 0.9300936482 0.9802188877 0.9680390946 0.9784234841 0.9665682839 0.9485919639 0.965700447 0.9468965338 0.9275905209 0.9684712725 0.9568266776
20.09833333 0.9503841397 0.9639923265 0.9771022703 0.9840904778 0.9683440068 0.9163549325 1.010206372 1.005104638 0.9817847963 0.935179006 0.9812937697 0.9748835344 0.9829638613 0.9769168706 0.9528055099 0.9746088466 0.9468427439 0.9302237032 0.9745256482 0.9636413662
20.20166667 0.9552724146 0.9687175218 0.9838677388 0.9893692918 0.9680186135 0.9198235662 1.01081692 1.011277735 0.9792057229 0.9403853201 0.9820974559 0.9812430615 0.988025644 0.9873972826 0.9563090358 0.9834543359 0.9474920367 0.933648512 0.9805671134 0.9703565436
20.305 0.9601225658 0.9735619788 0.9901124382 0.9943456549 0.9678056924 0.9240505796 1.011453057 1.017617882 0.9762007783 0.9450718815 0.9835503521 0.9872203096 0.9920269516 0.9968094912 0.9601009299 0.9919272013 0.948344569 0.9376887556 0.9865739841 0.9784793678
20.40833333 0.965530234 0.9780757016 0.996415611 0.9992551374 0.9684834925 0.9290233246 1.012245361 1.022436875 0.9744434598 0.9506517109 0.9844283291 0.994441028 0.9964988706 1.00648944 0.964235105 1.000643471 0.9495030402 0.9412201859 0.9919276304 0.986177214
20.51166667 0.9711304212 0.9825168804 1.002924636 1.003850612 0.9691683308 0.9341639507 1.012438491 1.028322018 0.9725500575 0.9557208629 0.9855709038 1.000582311 1.001303194 1.015707472 0.9675999443 1.008987241 0.9502001374 0.945262904 0.9972769267 0.9931518302
20.615 0.976296689 0.9871500726 1.008747837 1.008952078 0.9700159421 0.9396532955 1.012979404 1.033073812 0.9714364917 0.9614218527 0.9867184772 1.006005179 1.005293801 1.024297743 0.9716074555 1.0165226 0.9519178693 0.9498883704 1.00232304 0.9999666286
20.71833333 0.9821769708 0.9916176601 1.014425696 1.013307716 0.9702596433 0.9449839644 1.012110652 1.036794599 0.9701903693 0.9670392025 0.9873077188 1.0116447 1.008925501 1.033136544 0.9742511358 1.024218324 0.9532487948 0.9542439348 1.00760771 1.007430386
20.82166667 0.9874740286 0.9965028472 1.019865963 1.016973443 0.9713407738 0.9508524959 1.011406849 1.040857331 0.9691859093 0.9730936804 0.9880603317 1.01768538 1.012525277 1.040706288 0.9773568637 1.03241664 0.9553604002 0.9587775399 1.012323342 1.01484046
20.925 0.9927562202 1.001030878 1.025111882 1.021945821 0.9719866503 0.9568001776 1.010843908 1.044371867 0.9688533505 0.9794652386 0.9889057763 1.022847937 1.015714104 1.048006907 0.9801971684 1.039362003 0.957291109 0.9638510323 1.016970277 1.020980102
21.02833333 0.9974667359 1.006013421 1.030218248 1.026202402 0.9727852635 0.9624447364 1.010375074 1.047495167 0.9681044747 0.9853941476 0.9898865968 1.026933148 1.018074601 1.055255814 0.9824324474 1.045768924 0.9594084901 0.9687713677 1.021847358 1.026639739
21.13166667 1.002555415 1.009811915 1.03524287 1.029413117 0.9736899981 0.9687835249 1.009486938 1.049437991 0.9676701476 0.9907017863 0.9908274598 1.031828615 1.020936016 1.061569142 0.9847752857 1.052061705 0.9617033191 0.9745484508 1.026087609 1.032479835
21.235 1.007382958 1.01399272 1.040101341 1.032835104 0.9753315895 0.9754330775 1.008369221 1.051723308 0.9674098311 0.9966215459 0.9915795506 1.035904584 1.022820172 1.068054264 0.9872938107 1.057810647 0.964287799 0.9790538823 1.029395296 1.037908142
21.33833333 1.012382439 1.017991128 1.043900637 1.035861645 0.9764148896 0.9816665362 1.007575949 1.053730073 0.967750201 1.002572857 0.9927124114 1.039446966 1.024299141 1.072443175 0.9897364 1.062971865 0.966719859 0.9837896903 1.032154691 1.04278245
21.44166667 1.01727975 1.021757025 1.047681414 1.038854343 0.9773924402 0.9874344774 1.006980651 1.055273814 0.9681562024 1.008634215 0.9935530937 1.042229694 1.026440603 1.077042169 0.9915666223 1.067419186 0.9692166822 0.9895475661 1.03539461 1.048058088
21.545 1.021615799 1.025258564 1.051205538 1.041728031 0.9785052171 0.9933396858 1.005113699 1.056025584 0.967623383 1.013713571 0.994376689 1.045111761 1.027382134 1.080863287 0.9939800064 1.072365719 0.9726451038 0.994494238 1.037620566 1.052366137
21.64833333 1.025805443 1.028619862 1.05305726 1.043775169 0.979797327 0.9992005154 1.00431057 1.056092827 0.9688288653 1.018642536 0.9951000333 1.047960019 1.028524589 1.084646135 0.9960261617 1.07537801 0.9745700251 0.9997121486 1.039679805 1.055731723
21.75166667 1.029684077 1.031547862 1.055228854 1.045569037 0.9812327367 1.005760847 1.0029956 1.055856322 0.9692758286 1.024186277 0.9951379979 1.049743791 1.029004491 1.086972938 0.9978101785 1.078256767 0.9779395239 1.004492687 1.041532302 1.05898827
21.855 1.033174799 1.034218821 1.057620021 1.04728972 0.9828260715 1.011171147 1.001752756 1.055707213 0.9696787716 1.028453979 0.9953378476 1.05113935 1.028951136 1.088952159 0.9997939274 1.08029466 0.980319257 1.008962659 1.0428459 1.061381917
21.95833333 1.036129843 1.036927521 1.059439317 1.04885841 0.983976651 1.015802264 1.000730994 1.054864713 0.9703283331 1.032752523 0.9952070297 1.05217975 1.030123942 1.090129171 1.001301601 1.082434783 0.9832210138 1.013237297 1.044012382 1.064252654
22.06166667 1.038786438 1.039578472 1.060566222 1.049878198 0.985475975 1.021824664 0.9998690506 1.053556084 0.9714571869 1.037535953 0.9940455641 1.052894911 1.030403817 1.090857118 1.00336436 1.083556477 0.9864813017 1.017329972 1.044745669 1.065887192
22.165 1.042042632 1.041816677 1.061494668 1.050131974 0.9867676215 1.026826876 0.9988591179 1.052555625 0.9725244559 1.040828138 0.9921649974 1.053697037 1.030839217 1.091267078 1.005393495 1.08406901 0.988856457 1.021758108 1.045187284 1.067074938
22.26833333 1.044616053 1.043071743 1.061968882 1.050071614 0.9882685717 1.030934815 0.9976517801 1.050847328 0.9738804439 1.044165307 0.990452595 1.053620758 1.030214758 1.090695399 1.007095373 1.084028581 0.9917348101 1.025544713 1.045299803 1.067603941
22.37166667 1.046153544 1.044263865 1.061998877 1.050377613 0.9895637438 1.035420153 0.996629413 1.049086054 0.9746203734 1.047456418 0.9888881336 1.053181423 1.029755809 1.090319516 1.008638642 1.08352983 0.9945685455 1.028736502 1.045286173 1.067685212
22.475 1.047523158 1.045477471 1.061151775 1.049987403 0.9909621074 1.039413501 0.9964416611 1.047168819 0.9758507769 1.049969647 0.9867808693 1.05205342 1.029554423 1.088285565 1.010362933 1.082201447 0.9967256573 1.032254854 1.044437557 1.067554627
22.57833333 1.048799281 1.046459803 1.059868669 1.049075703 0.9922722237 1.043390399 0.9959283793 1.045133999 0.9766655251 1.052246295 0.984967584 1.051222014 1.028854367 1.08582041 1.011891153 1.080824633 0.9995083815 1.035320488 1.044207572 1.067458854
22.68166667 1.04995405 1.046835514 1.059353142 1.04840648 0.9938112789 1.046712275 0.995705348 1.042941877 0.9780231022 1.054188899 0.9833128735 1.049960137 1.028186916 1.083495326 1.013495272 1.079537911 1.001693596 1.037305261 1.043020357 1.066361589
22.785 1.050388506 1.046800059 1.057483334 1.047189608 0.9952803515 1.049527445 0.9949628321 1.040209948 0.9793088443 1.055593539 0.9822147981 1.048593734 1.027597924 1.080493073 1.015348568 1.07663167 1.003951138 1.039849518 1.042058342 1.06584451
22.88833333 1.051108848 1.047201493 1.054991916 1.045117062 0.9962841006 1.052239123 0.9942342248 1.037830266 0.9805549826 1.05693904 0.9817611119 1.046418505 1.026621224 1.07723697 1.016756492 1.073632567 1.006775945 1.042130481 1.040972163 1.063598824
22.99166667 1.050733453 1.046656034 1.052343481 1.043440215 0.998077451 1.054595345 0.9940719621 1.034917734 0.9813121627 1.058026785 0.982262783 1.044148134 1.025962565 1.073946318 1.017850311 1.070743907 1.009334475 1.043803985 1.039842115 1.062002637
23.095 1.05083495 1.046187939 1.049916485 1.041210821 0.999231262 1.056309388 0.9943335151 1.032148367 0.9830337231 1.058373815 0.9823088405 1.042336555 1.024662266 1.070167369 1.019122168 1.066876449 1.011311561 1.045042245 1.038338276 1.059850201
23.19833333 1.049875355 1.045250944 1.046605773 1.038644433 1.000099773 1.057503539 0.9938881861 1.029135994 0.983822549 1.058359575 0.9828751624 1.040413053 1.023762638 1.065623988 1.020005963 1.062400119 1.013512502 1.045953092 1.036930797 1.057324633
23.30166667 1.049018193 1.043744467 1.043566041 1.036432441 1.001090094 1.058518076 0.9941977105 1.026521634 0.9849194366 1.0581528 0.9837610662 1.037831014 1.022634192 1.06059186 1.020480912 1.058798244 1.015556221 1.047228806 1.034615493 1.053981776
23.405 1.04763437 1.042563648 1.040250728 1.033497369 1.002288458 1.059559053 0.9946760962 1.023605393 0.9858290663 1.057581417 0.9850725427 1.034867631 1.021709691 1.055971897 1.022440796 1.053759193 1.017701523 1.047311588 1.033209263 1.051055853
23.50833333 1.046287463 1.041099125 1.036834502 1.031163741 1.003235839 1.059612604 0.9948313626 1.02060678 0.9870364627 1.056480632 0.9861320948 1.032466436 1.020871909 1.05160846 1.022724096 1.049038536 1.019047612 1.047646873 1.030860666 1.047711475
23.61166667 1.044781142 1.039004898 1.032495488 1.028513666 1.004384545 1.059518622 0.994760604 1.017697358 0.9882982466 1.055273958 0.9874318758 1.029347601 1.019777434 1.046362833 1.023556921 1.043762262 1.020865823 1.047247593 1.028690957 1.044197388
23.715 1.042332946 1.037644121 1.028462766 1.025396889 1.005265442 1.059624784 0.9957147003 1.015035685 0.9888742263 1.05379657 0.989314759 1.02643718 1.018323036 1.041237716 1.024174171 1.038967205 1.021994307 1.04768352 1.026694739 1.040520117
23.81833333 1.039954764 1.035316787 1.024886767 1.0223472 1.005546556 1.058727641 0.9955633133 1.0118987 0.9896324241 1.052382866 0.9907481226 1.023835477 1.016257317 1.036237339 1.024574902 1.033920699 1.023213865 1.046762932 1.023619835 1.036850149
23.92166667 1.037512352 1.033102191 1.02082212 1.018932105 1.006566861 1.057856424 0.9958468272 1.00928836 0.9907981145 1.050107665 0.9924902157 1.020387051 1.015527837 1.030897122 1.025483523 1.028844501 1.024373621 1.045121061 1.020922666 1.032653464
24.025 1.03490323 1.030425535 1.016551951 1.016060889 1.006976766 1.056417359 0.9965179644 1.006188848 0.9925331256 1.047546049 0.9941869856 1.017442409 1.014195927 1.025662131 1.026187758 1.023635563 1.025191384 1.044954669 1.018611988 1.028307282
24.12833333 1.032990159 1.027755433 1.013069634 1.012489907 1.007803185 1.054865211 0.9966683992 1.002922422 0.9928086595 1.045215776 0.9959687215 1.014303886 1.01275876 1.020606112 1.026435829 1.017601216 1.025534823 1.04369872 1.016618928 1.024154206
24.23166667 1.029951037 1.025425463 1.009348317 1.009332229 1.008688651 1.053102898 0.9969569658 0.9998050856 0.993299717 1.042690618 0.9983707798 1.011623564 1.012299353 1.015668148 1.026022915 1.012846968 1.026276111 1.042346763 1.014284049 1.020259265
24.335 1.027419605 1.023130292 1.005093245 1.006102541 1.008850028 1.050959644 0.9975795077 0.9971273956 0.99443302 1.039764659 0.9999477964 1.008550931 1.010623473 1.010372636 1.026344516 1.008040394 1.026473135 1.040352988 1.01093243 1.01653072
24.43833333 1.024550827 1.020422992 1.001140181 1.002944088 1.009568491 1.048386329 0.9980853344 0.9943835821 0.9957374421 1.036561769 1.001970945 1.00558758 1.008669744 1.005777175 1.026152599 1.003167861 1.026624249 1.038925731 1.008797849 1.012549673
24.54166667 1.021514052 1.017079114 0.9972810972 1.000054295 1.00972815 1.046048604 0.9982244916 0.9918640548 0.99670722 1.033186262 1.003900029 1.00359076 1.007186179 1.000494622 1.026245806 0.9982573411 1.026428717 1.036686398 1.006123892 1.00821804
24.645 1.018759972 1.014056641 0.9936543332 0.9966815018 1.010262923 1.042958659 0.9992315562 0.989624757 0.9979589585 1.030231167 1.005927991 1.000337133 1.006223456 0.9957589236 1.025955155 0.9934232039 1.027315244 1.034168963 1.003810931 1.004749744
24.74833333 1.015954055 1.010850347 0.9905256574 0.994053733 1.010959228 1.040086239 0.9995863899 0.9871369382 0.9993148092 1.027256287 1.007623079 0.9978500227 1.004446804 0.9908691463 1.025717972 0.9891881762 1.026846278 1.031689359 1.002040678 1.001045302
24.85166667 1.012458552 1.00838657 0.9874718375 0.9915633366 1.010421516 1.036774745 1.000069457 0.9847216848 1.000815053 1.023081255 1.009162389 0.9955290925 1.002571146 0.986537207 1.024999574 0.9850912165 1.026521271 1.029824091 0.999368131 0.9969901312
24.955 1.009773993 1.006060272 0.9838155548 0.9886565852 1.011069575 1.033365801 1.000394505 0.9831717419 1.002191107 1.019674033 1.010226758 0.9930460923 1.0015287 0.9821153385 1.024091627 0.9806955636 1.025691505 1.027281369 0.9973295113 0.993321679
25.05833333 1.00792751 1.003089715 0.9812111437 0.9860081748 1.011432213 1.030351328 1.000976412 0.9816282556 1.003298578 1.016850781 1.011227235 0.9906317953 1.000422545 0.9778635558 1.02275875 0.9769706585 1.024812778 1.024639753 0.9951084229 0.9896985934
25.16166667 1.005125504 1.000406051 0.9786495923 0.9837500201 1.011258629 1.026892003 1.001033357 0.9791674155 1.005158421 1.013360174 1.01175521 0.9884160716 0.9991497511 0.9738099014 1.022421798 0.973901147 1.024208957 1.022190492 0.9928324001 0.9867998176
25.265 1.00191422 0.9976814141 0.9758536263 0.981403318 1.011732563 1.02387155 1.000949122 0.9779689961 1.006450682 1.009970137 1.012533321 0.9869503739 0.9978963174 0.9702460015 1.02138938 0.9703702527 1.023030284 1.02027048 0.9908579179 0.9833928333
25.36833333 0.9993024438 0.9949950081 0.9732552653 0.9798263462 1.011617777 1.020473411 1.002286905 0.9766065361 1.008041646 1.006348342 1.012166549 0.9850411485 0.9962712546 0.9671749874 1.020482565 0.9674567101 1.022418257 1.017336885 0.9892333288 0.9803436679
25.47166667 0.9961846107 0.9925370962 0.9715825207 0.9778140777 1.011715245 1.01729 1.002445949 0.9752179591 1.008875673 1.003053306 1.012572962 0.9831602408 0.9956237984 0.9635230932 1.019392911 0.9647310581 1.021227045 1.014059291 0.98813905 0.9783405319
25.575 0.9940360526 0.989800024 0.9694859239 0.9761806759 1.011500551 1.013363065 1.00214682 0.9740977103 1.010047039 1.00061514 1.012430452 0.9818529502 0.9942998122 0.9606056268 1.018454224 0.9621388224 1.020188934 1.011476641 0.9863666834 0.9751367011
25.67833333 0.9917027077 0.9876195761 0.9681438147 0.9743908801 1.0110987 1.009843409 1.002157504 0.9736952633 1.01097494 0.9969697828 1.012171634 0.980458394 0.9932374426 0.9578477819 1.016766423 0.9598128628 1.019490038 1.009199615 0.9849766107 0.9734221593
25.78166667 0.9896050234 0.9856659902 0.9667923731 0.973146919 1.010982624 1.006320461 1.002485825 0.9726369844 1.011177269 0.9935488073 1.01231879 0.9788819453 0.9919514973 0.9556461289 1.015573388 0.9578855751 1.018757768 1.006915206 0.9835027207 0.9711474395
25.885 0.9873307203 0.9837680205 0.9653481343 0.9719344729 1.010972311 1.002826733 1.002211444 0.9720755086 1.012263372 0.9909507441 1.012372227 0.9776059273 0.9909589362 0.9532328876 1.014039083 0.9565675802 1.017082 1.004021698 0.982349824 0.9693724248
25.98833333 0.985295287 0.9814585385 0.9648127401 0.9713829039 1.01081941 0.9999762387 1.002040089 0.9720738169 1.012935976 0.9885720679 1.012577049 0.9769628952 0.9896748555 0.9516920481 1.012697315 0.9550288509 1.015516212 1.001042325 0.9811385494 0.9677276143
26.09166667 0.9832670402 0.9798791929 0.9642194285 0.9699030136 1.010414366 0.9969143915 1.00192522 0.9714954934 1.013021199 0.9862425346 1.01309745 0.9759850776 0.9891328559 0.9497234311 1.011285678 0.9536821745 1.01380905 0.9988222459 0.979958179 0.9663632656
26.195 0.9820091137 0.9785363714 0.9636988216 0.9695322261 1.010315744 0.9937523653 1.001205529 0.971427407 1.013450883 0.9831419449 1.013758251 0.9749553291 0.9879354197 0.949319569 1.009439723 0.9529334958 1.01268329 0.9966343512 0.9794419461 0.9652201566
26.29833333 0.9795484223 0.9769294548 0.963052257 0.9691332896 1.010132146 0.9909711573 1.001489577 0.971905771 1.013063475 0.9810022875 1.014516924 0.9748268357 0.9871831365 0.9483742498 1.00796962 0.9526686206 1.011485779 0.9943966747 0.9786934042 0.9639849256
26.40166667 0.9785616169 0.975572897 0.9629123846 0.9690981948 1.009748234 0.9880684329 1.000443543 0.9721532883 1.013437693 0.9790031834 1.014606527 0.9744449684 0.9864419152 0.9479275682 1.006446659 0.9524609536 1.009526801 0.992169253 0.9779810885 0.9634754524
26.505 0.9772772511 0.9743865861 0.9635538859 0.9691105173 1.008798455 0.985019032 1.000313301 0.9724803593 1.013161242 0.9774182094 1.014428314 0.9741859936 0.9858866045 0.9473619152 1.005090679 0.9527013256 1.008589914 0.9898649683 0.9776681782 0.963032192
26.60833333 0.9760497253 0.9735952473 0.9637553615 0.9695117243 1.008632736 0.9830738 1.000211578 0.9734314933 1.013102379 0.9757159395 1.01435106 0.9736986411 0.9854692283 0.9472875244 1.003365978 0.9530005143 1.007274961 0.9877633236 0.9776043689 0.9628183865
26.71166667 0.9747292477 0.9730505292 0.964237918 0.9699049041 1.007514673 0.9810070599 0.9994597956 0.9743748511 1.012793751 0.9739378346 1.013651101 0.9738337345 0.9846455251 0.9475663495 1.001596502 0.9537183327 1.006320183 0.9856079381 0.9773842529 0.9624374032
26.815 0.9737869253 0.9725674367 0.9650451721 0.970246983 1.006832946 0.9788353066 0.9990925044 0.9750281485 1.012252014 0.9722969971 1.012878698 0.973937684 0.9845884881 0.9484479356 1.000146184 0.9544299785 1.004904939 0.983921774 0.9770574865 0.9624858214
26.91833333 0.9731557506 0.9716608528 0.9664284922 0.9708321413 1.006491196 0.976505305 0.9988950429 0.9760085441 1.012032437 0.9713286714 1.012607219 0.9739656675 0.9845255681 0.9498550532 0.9980626374 0.955622611 1.003679456 0.9821954201 0.9769295469 0.9633342784
27.02166667 0.9725793604 0.9714315445 0.9675717157 0.9718098939 1.005577948 0.9745759601 0.9992982707 0.9776486205 1.01186846 0.9701429296 1.011843986 0.9747363375 0.9844996819 0.9511583117 0.9967564823 0.9566186167 1.002206244 0.9809944683 0.9771600096 0.9642716288
27.125 0.9721417482 0.9720345074 0.9689670828 0.9728098189 1.005044117 0.9734089376 0.9984585604 0.9785978941 1.011593301 0.9695603148 1.011016318 0.9748630327 0.9843099265 0.9525763369 0.9956155742 0.9583689457 1.001092075 0.9797922344 0.9772595375 0.9649839496
27.22833333 0.9722130863 0.9717160879 0.970615378 0.9740808989 1.004276226 0.971835329 0.9980448692 0.9798986788 1.011002539 0.9684078446 1.010020825 0.9757020502 0.9847222092 0.9542899498 0.9939149906 0.9604232983 0.9994984522 0.9783973135 0.9773563884 0.9660024297
27.33166667 0.972081739 0.9719244503 0.9723229119 0.975085697 1.003760365 0.9700301829 0.9982024145 0.9815520205 1.011181154 0.9678577116 1.009425116 0.9764634199 0.9850202633 0.9564319061 0.9922900758 0.9620600988 0.9984162475 0.9772567463 0.9780062434 0.9673951832
27.435 0.9721412959 0.9725002828 0.9740333011 0.9768574537 1.002771938 0.969084257 0.9984159469 0.9832403131 1.010507153 0.967594695 1.008335311 0.977282694 0.9852479809 0.959102137 0.9911526728 0.9643535048 0.99748258 0.9768560896 0.9786619448 0.9683675928
27.53833333 0.9723794586 0.9730109041 0.9758333069 0.978264529 1.002477004 0.9681148758 0.9981211424 0.9850745943 1.009832551 0.9677973935 1.006731481 0.9780325857 0.9856737983 0.9618519877 0.990279481 0.9665404624 0.9963491593 0.9760444889 0.9792373507 0.9701829067
27.64166667 0.9729855543 0.9742339518 0.9779989345 0.9796898826 1.001625052 0.9677680593 0.9982135197 0.9867923896 1.009425808 0.9679738483 1.005480174 0.9791630358 0.9864509227 0.9641147672 0.9889925085 0.9693045901 0.9951265478 0.9753273527 0.980024549 0.9716589231
27.745 0.9737592944 0.9749370768 0.9803817021 0.9815554611 1.000610345 0.9671525061 0.9981615164 0.9883965186 1.009266129 0.9678263917 1.004206216 0.9806047458 0.9868103668 0.9666257026 0.9882065447 0.9716336739 0.9944639867 0.9750285105 0.9809555791 0.9733732087
27.84833333 0.9744740316 0.9759714576 0.9829341648 0.9837402968 1.000001709 0.9670165647 0.9984387516 0.9904010551 1.008841525 0.9686307247 1.00264438 0.9815409488 0.9881093436 0.9703325152 0.9876997717 0.9743187693 0.9933721299 0.9747461074 0.9820814208 0.975028104
27.95166667 0.974827452 0.9768575793 0.9847522697 0.985309354 0.9994067699 0.9669571484 0.9985045503 0.9919993867 1.007622004 0.9684591445 1.001942285 0.9825836354 0.9884878775 0.9735021809 0.9866629988 0.976937967 0.9928124043 0.9745136246 0.9825507785 0.9766089029
28.055 0.97574086 0.9783780458 0.9871032588 0.9873061901 0.9987013353 0.9665024283 0.998238713 0.9937208584 1.006851223 0.9691578403 1.000817549 0.9844473331 0.9895945223 0.9770566828 0.9857175463 0.979972753 0.9917516823 0.974436449 0.9840060288 0.9788593094
28.15833333 0.9771959687 0.9796080176 0.9892586109 0.9892184048 0.9985187561 0.9672275338 0.9984191939 0.9958070859 1.006085997 0.9699544205 0.9994722434 0.9860824526 0.9905034997 0.9802388679 0.9852649492 0.9834788492 0.9909681487 0.9748176516 0.985478251 0.9812836263
28.26166667 0.9783467966 0.9812325473 0.9915716347 0.9911545082 0.997879241 0.9676484693 0.9979745182 0.9978566407 1.005197174 0.9711372548 0.998466054 0.9871851193 0.9911616998 0.9838181313 0.9846230287 0.9862231073 0.9906638685 0.9747440379 0.9869536706 0.9833235226
28.365 0.9799275343 0.982709707 0.9944041871 0.9935026108 0.9973689534 0.9676764454 0.9979077843 0.9996515295 1.004688675 0.9724573292 0.9976042948 0.9887158238 0.992295463 0.987809329 0.9841062927 0.9888951842 0.9904270605 0.9751834135 0.988511948 0.9858067681
28.46833333 0.9812983861 0.9842874875 0.9966142453 0.9957140533 0.9970693741 0.9685893189 0.9978507099 1.001191309 1.003859002 0.9734083255 0.9963963036 0.990378503 0.9931152964 0.9911831876 0.9837781835 0.9921312311 0.9895461238 0.9755412453 0.989618274 0.9878146031
28.57166667 0.9827011025 0.985826016 0.9991940749 0.9972996861 0.9967350747 0.9692229209 0.9981854268 1.003183818 1.0034909 0.9747765452 0.9954267865 0.9920201027 0.9944068899 0.9943781091 0.9830402321 0.9951915166 0.9889088251 0.9763314958 0.9911419763 0.9898167257
28.675 0.9844267234 0.9875075345 1.00094637 0.9996689579 0.9963763864 0.9705889875 0.998370701 1.004650542 1.002842877 0.9765322597 0.9950440735 0.9939165565 0.9954452936 0.9977149966 0.9828926351 0.9980969105 0.9887951308 0.9770130292 0.9927834457 0.9924905367
28.77833333 0.9856924229 0.9893246005 1.003545338 1.001853313 0.9958363602 0.9718082883 0.9981947554 1.006431177 1.002244277 0.9778045486 0.994295237 0.9954704496 0.9964475055 1.001648813 0.983214417 1.000704084 0.9883297063 0.9774294442 0.9947716451 0.9951036552
28.88166667 0.9873917958 0.9914752279 1.005465829 1.003538838 0.9957090309 0.9728313857 0.9987654898 1.007802406 1.001601911 0.9793216789 0.9938519104 0.9968077941 0.9975536746 1.004767632 0.9832959466 1.003755101 0.9882633546 0.9789068886 0.9965152269 0.9972677844
28.985 0.9894293029 0.993107167 1.00812813 1.005536296 0.9956557987 0.9744508105 0.9990867328 1.00904507 1.001281782 0.9814239903 0.9932835085 0.998576327 0.9988576758 1.007817601 0.9838461683 1.006973533 0.9877194242 0.9801294904 0.9979865445 0.998968338
29.08833333 0.9909389129 0.9947892248 1.010368397 1.007273362 0.9954686495 0.9758479395 0.9991344265 1.01037012 1.001003513 0.9835433735 0.9930655265 1.000370806 0.9998469021 1.011359395 0.9844377391 1.00956464 0.9876432005 0.9806892517 0.9996744062 1.001383144
29.19166667 0.9928014579 0.9965698689 1.011980167 1.009059387 0.9952094663 0.9771795359 0.9993298652 1.011711721 1.000873989 0.9852301644 0.9925345262 1.001991249 1.000395503 1.01454183 0.9847360111 1.01180317 0.9875157569 0.9818782546 1.001071845 1.003083018
29.295 0.9949119043 0.9984037937 1.013704715 1.010807775 0.9956524623 0.9789519119 0.9998205837 1.01310459 1.000646606 0.9870886314 0.9921960265 1.003299196 1.001265437 1.017108539 0.9856669877 1.01460703 0.9871435971 0.9829921754 1.00240759 1.005375791
29.39833333 0.9964009021 1.000197098 1.01584745 1.012639303 0.9955997843 0.9807141414 0.9999916993 1.014065399 1.000828526 0.9889339273 0.9920776817 1.005081984 1.002382039 1.019870405 0.9861344848 1.0167274 0.9869777861 0.9846419345 1.00365959 1.00734309
29.50166667 0.9976787376 1.002083231 1.017153591 1.013633537 0.9951904642 0.9821973933 1.000405171 1.014837406 1.000630943 0.9910481706 0.9913951721 1.006087678 1.002931187 1.022551012 0.9872314394 1.019110276 0.9873931804 0.9859720573 1.00507388 1.009484167
29.605 1.000008178 1.003907271 1.018357641 1.015218089 0.9952824533 0.9841920063 1.000747313 1.015774575 1.000267908 0.9926258283 0.9911866722 1.008178644 1.003530202 1.024419685 0.9881186173 1.02066759 0.9876731138 0.9876250872 1.006740713 1.011393663
29.70833333 1.001198314 1.005128048 1.019702697 1.016093407 0.9952349744 0.98575095 1.000959952 1.016034261 1.000196996 0.994473339 0.9913612588 1.009713765 1.004358812 1.026385782 0.9892036885 1.022631794 0.9875180085 0.98913434 1.007351104 1.013100644
29.81166667 1.003134967 1.006360463 1.020738371 1.016908515 0.9951359479 0.988223235 1.001180595 1.01657305 1.000623223 0.9965818636 0.991218855 1.011167974 1.005034623 1.028339939 0.9899293226 1.024163005 0.9876219311 0.9906178515 1.008528096 1.014532755
29.915 1.004448978 1.00849419 1.021891536 1.01785936 0.9952504159 0.9899985771 1.001915061 1.016985089 1.000175453 0.9984759905 0.99140874 1.01202314 1.005651577 1.029966229 0.9904492225 1.025669085 0.9877198896 0.9918286744 1.00959078 1.016295777
30.01833333 1.006107665 1.009637201 1.022469714 1.018707978 0.9956959119 0.9920118191 1.001894141 1.017279781 1.000591511 1.000204514 0.9912590472 1.013147414 1.005890977 1.031420861 0.9918556274 1.026549588 0.9879890795 0.9932201793 1.010618638 1.017832005
30.12166667 1.007480362 1.010941471 1.022684315 1.019400878 0.9956444928 0.9939342028 1.002184312 1.017405034 1.000241307 1.002136208 0.9915233142 1.0137854 1.006338393 1.032246826 0.9923276573 1.027691683 0.9880741119 0.9947276174 1.011361745 1.018616889
30.225 1.008879493 1.011927008 1.023604505 1.019710671 0.995681265 0.9962592317 1.002600564 1.017079258 1.000684121 1.003821827 0.9922629489 1.014981795 1.007110382 1.033400535 0.9926449027 1.028743994 0.9886484276 0.9962212998 1.011855022 1.019563737
30.32833333 1.010248884 1.012921093 1.023887453 1.020350438 0.9959036689 0.9983413786 1.002686747 1.016815453 1.000668728 1.005934791 0.9925905406 1.015607204 1.007077721 1.034136523 0.9934531278 1.029317467 0.9887081132 0.9978654902 1.01250507 1.020251386
30.43166667 1.011318868 1.013951402 1.024119723 1.020417317 0.9957492654 0.9999917702 1.002573021 1.01652909 1.000978516 1.007510187 0.9935299361 1.01602558 1.007349551 1.034810725 0.9934699903 1.029950846 0.9889829367 0.9995703178 1.012800443 1.020954079
30.535 1.012700035 1.014914334 1.024590403 1.020081446 0.9964509342 1.002017511 1.002487113 1.015791523 1.001140826 1.009271029 0.9948074416 1.016562477 1.007365922 1.034743715 0.9944147569 1.030139869 0.9897625054 1.000519565 1.013309089 1.021583259
30.63833333 1.013336919 1.015673832 1.024184186 1.020098196 0.9967406615 1.003521528 1.002230839 1.015520477 1.001409593 1.010298938 0.9961611801 1.017063714 1.007676597 1.034639913 0.9946423341 1.030029572 0.9904606032 1.001721712 1.013579393 1.022025019
30.74166667 1.014013733 1.016213435 1.023755688 1.020006789 0.9963464934 1.005410024 1.002749883 1.014985785 1.000869521 1.011752986 0.9974796599 1.017249358 1.007893829 1.034485188 0.9950861706 1.030036851 0.9911175911 1.003238308 1.01391017 1.022258995
30.845 1.014753968 1.016546161 1.02354182 1.019552388 0.996562282 1.00721846 1.002866874 1.014125422 1.000808631 1.013047073 0.9987476567 1.0172267 1.007731803 1.034016996 0.9953364518 1.029695751 0.9914648479 1.00423407 1.014384957 1.022216053
30.94833333 1.015198467 1.016223698 1.022616877 1.018588166 0.9968674663 1.008505361 1.002007318 1.013294558 1.000371265 1.014106739 0.9998746222 1.017117218 1.007665069 1.032770691 0.9950787244 1.028423363 0.9919579159 1.005338882 1.014022765 1.022242893
