distance P2222O2O2NTf2_custom P2222O2O2TCB_custom P2228NTf2_custom P2228TCB_custom P2O231NTf2_custom_CLPOL P2O231NTf2_custom P2O231NTf2_LINEAR_custom_CLPOL P2O231NTf2_LINEAR_custom P2O231TCB_custom_CLPOL P2O231TCB_custom P2O231TCB_LINEAR_custom_CLPOL P2O231TCB_LINEAR_custom P5551NTf2_custom_CLPOL P5551NTf2_custom P5551TCB_custom_CLPOL P5551TCB_custom P2O231TCB_customADCH_CLPOL P2O231TCB_customADCH_CLPOL_CCAAscaled P5551TCB_customADCH_CLPOL P5551TCB_customADCH_CLPOL_CCAAscaled
0.05166666667 0.0 0.0 0.0 0.0 0.0 0.0 0.0 0.0 0.0 0.0 0.0 0.0 0.0 0.0 0.0 0.0 0.0 0.0 0.0 0.0
0.155 0.0 0.0 0.0 0.0 0.0 0.0 0.0 0.0 0.0 0.0 0.0 0.0 0.0 0.0 0.0 0.0 0.0 0.0 0.0 0.0
0.2583333333 0.0 0.0 0.0 0.0 0.0 0.0 0.0 0.0 0.0 0.0 0.0 0.0 0.0 0.0 0.0 0.0 0.0 0.0 0.0 0.0
0.3616666667 0.0 0.0 0.0 0.0 0.0 0.0 0.0 0.0 0.0 0.0 0.0 0.0 0.0 0.0 0.0 0.0 0.0 0.0 0.0 0.0
0.465 0.0 0.0 0.0 0.0 0.0 0.0 0.0 0.0 0.0 0.0 0.0 0.0 0.0 0.0 0.0 0.0 0.0 0.0 0.0 0.0
0.5683333333 0.0 0.0 0.0 0.0 0.0 0.0 0.0 0.0 0.0 0.0 0.0 0.0 0.0 0.0 0.0 0.0 0.0 0.0 0.0 0.0
0.6716666667 0.0 0.0 0.0 0.0 0.0 0.0 0.0 0.0 0.0 0.0 0.0 0.0 0.0 0.0 0.0 0.0 0.0 0.0 0.0 0.0
0.775 0.0 0.0 0.0 0.0 0.0 0.0 0.0 0.0 0.0 0.0 0.0 0.0 0.0 0.0 0.0 0.0 0.0 0.0 0.0 0.0
0.8783333333 0.0 0.0 0.0 0.0 0.0 0.0 0.0 0.0 0.0 0.0 0.0 0.0 0.0 0.0 0.0 0.0 0.0 0.0 0.0 0.0
0.9816666667 0.0 0.0 0.0 0.0 0.0 0.0 0.0 0.0 0.0 0.0 0.0 0.0 0.0 0.0 0.0 0.0 0.0 0.0 0.0 0.0
1.085 0.0 0.0 0.0 0.0 0.0 0.0 0.0 0.0 0.0 0.0 0.0 0.0 0.0 0.0 0.0 0.0 0.0 0.0 0.0 0.0
1.188333333 0.0 0.0 0.0 0.0 0.0 0.0 0.0 0.0 0.0 0.0 0.0 0.0 0.0 0.0 0.0 0.0 0.0 0.0 0.0 0.0
1.291666667 0.0 0.0 0.0 0.0 0.0 0.0 0.0 0.0 0.0 0.0 0.0 0.0 0.0 0.0 0.0 0.0 0.0 0.0 0.0 0.0
1.395 0.0 0.0 0.0 0.0 0.0 0.0 0.0 0.0 0.0 0.0 0.0 0.0 0.0 0.0 0.0 0.0 0.0 0.0 0.0 0.0
1.498333333 0.0 0.0 0.0 0.0 0.0 0.0 0.0 0.0 0.0 0.0 0.0 0.0 0.0 0.0 0.0 0.0 0.0 0.0 0.0 0.0
1.601666667 0.0 0.0 0.0 0.0 0.0 0.0 0.0 0.0 0.0 0.0 0.0 0.0 0.0 0.0 0.0 0.0 0.0 0.0 0.0 0.0
1.705 0.0 0.0 0.0 0.0 0.0 0.0 0.0 0.0 0.0 0.0 0.0 0.0 0.0 0.0 0.0 0.0 0.0 0.0 0.0 0.0
1.808333333 0.0 0.0 0.0 0.0 0.0 0.0 0.0 0.0 0.0 0.0 0.0 0.0 0.0 0.0 0.0 0.0 0.0 0.0 0.0 0.0
1.911666667 0.0 0.0 0.0 0.0 0.0 0.0 0.0 0.0 0.0 0.0 0.0 0.0 0.0 0.0 0.0 0.0 0.0 0.0 0.0 0.0
2.015 0.0 0.0 0.0 0.0 0.0 0.0 0.0 0.0 0.0 0.0 0.0 0.0 0.0 0.0 0.0 0.0 0.0 0.0 0.0 0.0
2.118333333 0.0 0.0 0.0 0.0 0.0 0.0 0.0 0.0 0.0 0.0 0.0 0.0 0.0 0.0 0.0 0.0 0.0 0.0 0.0 0.0
2.221666667 0.0 0.0 0.0 0.0 0.0 0.0 0.0 0.0 0.0 0.0 0.0 0.0 0.0 0.0 0.0 0.0 0.0 0.0 0.0 0.0
2.325 0.0 0.0 0.0 0.0 0.0 0.0 0.0 0.0 0.0 0.0 0.0 0.0 0.0 0.0 0.0 0.0 0.0 0.0 0.0 0.0
2.428333333 0.0 0.0 0.0 0.0 0.0 0.0 0.0 0.0 0.0 0.0 0.0 0.0 0.0 0.0 0.0 0.0 0.0 0.0 0.0 0.0
2.531666667 0.0 0.0 0.0 0.0 0.0 0.0 0.0 0.0 0.0 0.0 0.0 0.0 0.0 0.0 0.0 0.0 0.0 0.0 0.0 0.0
2.635 0.0 0.0 0.0 0.0 0.0 0.0 0.0 0.0 0.0 0.0 0.0 0.0 0.0 0.0 0.0 0.0 0.0 0.0 0.0 0.0
2.738333333 0.0 0.0 0.0 0.0 0.0 0.0 0.0 0.0 0.0 0.0 0.0 0.0 0.0 0.0 0.0 0.0 0.0 0.0 0.0 0.0
2.841666667 0.0 0.0 0.0 0.0 0.0 0.0 0.0 0.0 0.0 0.0 0.0 0.0 0.0 0.0 0.0 0.0 0.0 0.0 0.0 0.0
2.945 0.0 0.0 0.0 0.0 0.0 0.0 0.0 0.0 0.0 0.0 0.0 0.0 0.0 0.0 0.0 0.0 0.0 0.0 0.0 0.0
3.048333333 0.0 0.0 0.0 0.0 0.0 0.0 0.0 0.0 0.0 0.0 0.0 0.0 0.0 0.0 0.0 0.0 0.0 0.0 0.0 0.0
3.151666667 0.0 0.0 0.0 0.0 0.0 0.0 0.0 0.0 0.0 0.0 0.0 0.0 0.0 0.0 0.0 0.0 0.0 0.0 0.0 0.0
3.255 0.0 0.0 0.0 0.0 0.0 0.0 0.0 0.0 0.0 0.0 0.0 0.0 0.0 0.0 0.0 0.0 0.0 0.0 0.0 0.0
3.358333333 0.0 0.0 0.0 0.0 0.0 0.0 0.0 0.0 0.0 0.0 0.0 0.0 0.0 0.0 0.0 0.0 0.0 0.0 0.0 0.0
3.461666667 0.0 0.0 0.0 0.0 0.0 0.0 0.0 0.0 0.0 0.0 0.0 0.0 0.0 0.0 0.0 0.0 0.0 0.0 0.0 0.0
3.565 0.0 0.0 0.0 0.0 0.0 0.0 0.0 0.0 0.0 0.0 0.0 0.0 0.0 0.0 0.0 0.0 0.0 0.0 0.0 0.0
3.668333333 0.0 0.0 0.0 0.0 0.0 0.0 0.0 0.0 0.0 0.0 0.0 0.0 0.0 0.0 0.0 0.0 0.0 0.0 0.0 0.0
3.771666667 0.0 0.0 0.0 0.0 0.0 0.0 0.0 0.0 0.0 0.0 0.0 0.0 4.671990463e-06 0.0 4.374378737e-06 0.0 0.0 0.0 0.0 0.0
3.875 0.0 6.128018506e-06 0.0 9.204847322e-07 4.080821385e-06 0.0 1.831878399e-06 0.0 2.606533799e-06 4.12722394e-06 9.356618237e-06 6.135612248e-07 3.31681428e-06 0.0 2.618330694e-06 1.374392255e-06 1.63527775e-05 5.978052562e-07 6.367931702e-06 0.0
3.978333333 0.0 7.913128838e-05 0.0 1.060697756e-05 2.384502862e-05 0.0 2.78491545e-05 0.0 9.045091778e-05 2.420526677e-05 0.0001655111418 2.194833421e-05 9.907154171e-06 0.0 7.272265233e-05 9.266301866e-06 0.0001003229873 2.5411778e-05 6.96418542e-05 8.257095075e-06
4.081666667 0.0 0.0003526450921 0.0 0.0001242657119 3.062209188e-05 0.0 9.225842371e-05 2.616375404e-06 0.001756878764 0.0001817539095 0.001602108194 0.0001130433956 1.726565602e-05 0.0 0.001219750901 2.212495563e-05 0.0006505141827 0.0001454680252 0.0004496226214 7.839392478e-05
4.185 0.0 0.00135677565 0.0 0.0007128616521 9.354794308e-05 2.566061838e-06 0.000236418295 3.917441544e-06 0.01686482153 0.0005051247995 0.01337512804 0.0005000046012 6.609821821e-05 0.0 0.01273667438 9.846211385e-05 0.003881651677 0.0007471992529 0.002055392652 0.0003230014387
4.288333333 0.0 0.004474321457 0.0 0.002499912672 0.0003579376875 1.133289933e-05 0.000493905368 3.386072657e-06 0.09100259131 0.001726827813 0.07076738326 0.001965527482 0.0001951116346 0.0 0.06712351138 0.0004856960662 0.01640647166 0.00270418148 0.009062070996 0.0009645353875
4.391666667 4.664399615e-06 0.01215393501 3.217999328e-06 0.007308071258 0.0007204025182 1.648361771e-05 0.001068306129 7.594683512e-06 0.2950202858 0.004754303438 0.2241432137 0.006005121816 0.0004520175141 1.347786413e-06 0.2199924495 0.001753982149 0.05493194287 0.006434740661 0.03049110152 0.002362395977
4.495 2.761004868e-05 0.02659187164 3.968127555e-06 0.01675471864 0.001400179742 1.199326363e-05 0.002045254028 1.587918022e-05 0.6489405941 0.01053035993 0.4906830338 0.01391004051 0.0008116803886 5.859289253e-06 0.4864370525 0.003818297101 0.1346179889 0.01269594525 0.07425391392 0.004976059185
4.598333333 3.874137727e-05 0.04842442976 3.823724809e-05 0.03126722892 0.002629807503 3.503311331e-05 0.00335552338 1.052466517e-05 1.069399763 0.01963446592 0.8120247993 0.02570657743 0.001665883459 1.027682476e-05 0.7949434805 0.007068323253 0.2518421912 0.02115487419 0.1401580597 0.008524827054
4.701666667 0.0001135377994 0.07665713914 7.40758616e-05 0.05009669073 0.0046476869 6.814311929e-05 0.005357052259 4.78938741e-05 1.45327369 0.03202025651 1.11778726 0.04003075708 0.003180753439 1.362141277e-05 1.069938611 0.01201996372 0.3843636179 0.03143552376 0.2136493957 0.01293954698
4.805 0.0001990148462 0.1066687457 0.0001428057254 0.0723615052 0.008194889037 0.0001674840372 0.00880186339 8.910714686e-05 1.755855315 0.04573224799 1.374791896 0.05640104484 0.005353892322 4.048003331e-05 1.280424849 0.01770228513 0.5078071594 0.04290313875 0.2790241591 0.01859975026
4.908333333 0.000422894876 0.1373547182 0.0002638683299 0.09310756011 0.01320998031 0.0002304911733 0.01372402687 0.0001588840488 1.997838119 0.06209523722 1.598060075 0.07241709789 0.00817288831 9.083536855e-05 1.433308609 0.02354151315 0.6032770474 0.05618316176 0.3324045983 0.02385874226
5.011666667 0.0008243357428 0.1680301141 0.000491732722 0.1141118262 0.02070145932 0.0004446509287 0.01999375903 0.0002620857087 2.198435856 0.07682870296 1.77487214 0.08793409987 0.01248403743 0.0001845905484 1.546188911 0.02991990153 0.66799403 0.06962935709 0.3685140254 0.03056995967
5.115 0.001430819671 0.1972241678 0.0009250821321 0.1348367983 0.03144087236 0.0007765900272 0.02971569485 0.0005766168785 2.324940361 0.09285901009 1.889954694 0.1022650638 0.01861080734 0.0003194779085 1.613861348 0.03663855612 0.704702009 0.08404375443 0.3903726426 0.03728159776
5.218333333 0.002585063319 0.2259003939 0.001702579186 0.1543309549 0.04688509161 0.001622889363 0.04334367749 0.001130154431 2.336648049 0.1098138752 1.909411346 0.1166575089 0.02721629536 0.0005322924882 1.611856129 0.0426396525 0.7224323381 0.09904423337 0.4032287105 0.04379871495
5.321666667 0.004322178059 0.2520879739 0.002999594494 0.1741391216 0.06487916975 0.002661438215 0.06093074839 0.001983960784 2.216534061 0.1266421637 1.838709072 0.1310185214 0.03884147761 0.0009011526433 1.545070936 0.05042662483 0.7205285214 0.1153667701 0.4063065227 0.05110619073
5.425 0.00723208085 0.2778971784 0.00495105514 0.1939996943 0.08707041216 0.004418994215 0.0820362583 0.003278197775 2.005010311 0.1421689793 1.696826541 0.1452954432 0.05278241832 0.001645947813 1.422504321 0.05763393672 0.7117574472 0.1307939977 0.4036499361 0.05921032008
5.528333333 0.01129410847 0.3011198314 0.007690603516 0.2118809529 0.112077803 0.007104625773 0.1060171402 0.005132858027 1.746492092 0.1589735402 1.518361498 0.1588416589 0.06835365443 0.002590556943 1.264224676 0.065194702 0.6938770905 0.1456265419 0.399946437 0.06686839484
5.631666667 0.01656227577 0.3268678152 0.01145821878 0.230195057 0.1396973979 0.01097395207 0.13202578 0.007582461185 1.49667144 0.1749266813 1.334520091 0.1714752697 0.085868623 0.004097589219 1.103688672 0.07311599776 0.6758754829 0.1627123474 0.3938562169 0.07530050832
5.735 0.02387442181 0.3496328566 0.01682745623 0.2499949129 0.1688270965 0.01578604754 0.1603599662 0.01092488151 1.270674784 0.1929854458 1.168108104 0.1857551986 0.1042313315 0.006222008117 0.9484603645 0.08321808908 0.6551700617 0.1777612693 0.386306886 0.08375186385
5.838333333 0.03272150591 0.3715349618 0.02302817457 0.2685675231 0.1974207527 0.02136852875 0.1890797499 0.01521956535 1.071989075 0.2113275146 1.018042 0.2003370746 0.1231041012 0.008842100873 0.8104448955 0.09221506662 0.6375306883 0.1923080356 0.3816460351 0.09291830787
5.941666667 0.04308238535 0.3969680143 0.03077624123 0.2870432414 0.2266921343 0.02851351425 0.2200788788 0.02036136015 0.8903951958 0.2277567488 0.8773652803 0.2159118177 0.1440135452 0.01201556357 0.6838389929 0.1020059062 0.6205787134 0.2077321856 0.3778198644 0.1029987519
6.045 0.05578534726 0.4196661557 0.03974489157 0.3069399413 0.2543712146 0.03753862402 0.2504434311 0.02645912106 0.7236099057 0.2460967049 0.7378684917 0.2325316834 0.164083439 0.01655858684 0.5695700234 0.1129305035 0.6068404264 0.2220537633 0.374037783 0.1101300716
6.148333333 0.07110726933 0.4404556973 0.05123211882 0.3246036199 0.2865560765 0.04745095247 0.2829586583 0.03473433272 0.5793071588 0.2644590511 0.6010887471 0.247784023 0.1871653171 0.02245420058 0.4650425985 0.1240445072 0.592020621 0.2352064926 0.3685550849 0.1203227697
6.251666667 0.08829740758 0.4580829439 0.06403650371 0.3426246251 0.3185078648 0.05979671213 0.3176583032 0.04416635021 0.4541933714 0.2815182529 0.4811926435 0.2621989503 0.2117165406 0.02861919623 0.3749865752 0.136095294 0.5713852832 0.2481508745 0.3634578058 0.1302186059
6.355 0.1095606991 0.4706412587 0.08079172332 0.3588498331 0.3548241188 0.07444178437 0.3575560255 0.05636124896 0.3577961938 0.2979562823 0.3846466631 0.2753869433 0.2405347711 0.0368179634 0.303317554 0.1485726089 0.5510357859 0.2601329162 0.3574629519 0.140345783
6.458333333 0.1358240602 0.4825053004 0.1015274985 0.3729441478 0.3977036457 0.09293466449 0.4025343675 0.07011716718 0.2877226411 0.3113169838 0.3136439576 0.2895114773 0.2726036635 0.04677913355 0.2506453133 0.1607386208 0.530765258 0.2755078014 0.3522399534 0.1508534143
6.561666667 0.1672792735 0.4948246358 0.1268177584 0.3863306995 0.4458794556 0.1143693447 0.4504385444 0.08834092606 0.2396455021 0.324271126 0.2624727987 0.3028731647 0.3083642904 0.06074909017 0.2113049094 0.1711542234 0.5122681369 0.2909267738 0.3470076288 0.1630571874
6.665 0.2057663591 0.50748833 0.156923246 0.4012435863 0.4973714356 0.1414197268 0.5040336695 0.1115918688 0.2057779676 0.3391556584 0.2288729851 0.3149535299 0.3490555745 0.07722872994 0.185104202 0.1825818773 0.4968923274 0.3078483044 0.3446858516 0.1778348649
6.768333333 0.2514726469 0.5225282006 0.1935809492 0.4168911587 0.5528410792 0.172952874 0.5609373527 0.139478878 0.1825199001 0.3547289339 0.2074245197 0.3300406951 0.3956492857 0.09815857613 0.1681381818 0.1975128735 0.4860436985 0.3297097573 0.3437460351 0.1953948507
6.871666667 0.3062550916 0.5392794421 0.2375026853 0.4370713816 0.6114983069 0.2093864359 0.6165726719 0.1719561107 0.1685420755 0.3711923179 0.1953920981 0.3472983741 0.4412747911 0.1229295399 0.1572157196 0.214010156 0.4787330133 0.3526069735 0.3458133159 0.2150533165
6.975 0.3662937109 0.5579372628 0.2890659213 0.4590456837 0.6689919211 0.253055251 0.6745990786 0.2112623426 0.161278878 0.3927762041 0.1906275451 0.3668027382 0.4890454155 0.1521546562 0.1532763059 0.2319124343 0.4757725071 0.3782578003 0.3523133762 0.2362523232
7.078333333 0.4322787307 0.580759557 0.3453631438 0.4830557676 0.7254227298 0.3018354032 0.7313358493 0.2555929671 0.1585167258 0.4168714293 0.192610783 0.3889709614 0.5380674403 0.1855791495 0.1533552083 0.2531439115 0.4761440996 0.4095648681 0.3617602071 0.2607919057
7.181666667 0.5030913969 0.6057645847 0.408231508 0.5118381945 0.7806797634 0.3555758298 0.7841523891 0.3041720843 0.159501739 0.4433494993 0.1995474123 0.4141647465 0.5870402938 0.2249392501 0.158348348 0.2784521762 0.4812127654 0.4440573158 0.374370109 0.2896168201
7.285 0.5801051405 0.6365043688 0.4773960675 0.5458469588 0.8307801613 0.4119371418 0.8349083319 0.358705173 0.1643206157 0.4754026423 0.2124756741 0.4450737401 0.6322742708 0.2692623287 0.1667774453 0.3060306355 0.4926964777 0.4815444228 0.3904161815 0.321295409
7.388333333 0.6621923341 0.6694740491 0.5493487543 0.5821611532 0.8754985627 0.4719921746 0.882795118 0.4179170842 0.1738414127 0.5103914132 0.2277610683 0.4790628336 0.6760363966 0.3187212592 0.1793201645 0.3386273953 0.5047470086 0.5228988613 0.412680397 0.3578411517
7.491666667 0.7432375826 0.7071076093 0.6266845081 0.626090956 0.9204145571 0.5379730652 0.9233078941 0.4824671645 0.1854578913 0.547877246 0.2486804509 0.5174802077 0.7164028426 0.3685618911 0.193287015 0.3754245414 0.5232972092 0.5677343835 0.4392443975 0.3980483064
7.595 0.827567572 0.7460385854 0.7062144052 0.6727760462 0.9581241818 0.6039453134 0.9582065664 0.5495481223 0.1995832954 0.5926311424 0.2730813362 0.5624048919 0.7553968965 0.424616496 0.2111682721 0.418292509 0.5447130615 0.6169925037 0.4697707552 0.44218196
7.698333333 0.9134948974 0.7877437088 0.7907149382 0.722406065 0.9919952517 0.6717454553 0.9909887465 0.6206852528 0.2175319425 0.6418954318 0.302441694 0.6130493356 0.7938686103 0.4851830127 0.2325802471 0.4659955758 0.5722252575 0.6694109213 0.5033567221 0.4943836018
7.801666667 0.997953255 0.8335331263 0.8731355935 0.7760407627 1.024597266 0.7427927252 1.022420096 0.6933926853 0.2373816485 0.6940711171 0.3353676879 0.6680888435 0.8285717748 0.5500686644 0.2586501269 0.5206412247 0.6017321488 0.7234083373 0.5442769361 0.5508535886
7.905 1.080060776 0.8816837343 0.9571836195 0.8352323956 1.052784387 0.8147025311 1.048548528 0.7676860129 0.2628102033 0.7514937346 0.3703889462 0.7297063626 0.8610179695 0.6143688438 0.2880238049 0.5820459595 0.6340018707 0.7826832612 0.5906830966 0.6138668412
8.008333333 1.160105211 0.9304642102 1.037238668 0.8937447609 1.078104188 0.8847512772 1.070471646 0.8430626103 0.2903057839 0.8116996247 0.4113203824 0.7990322942 0.891851569 0.680567413 0.3236390383 0.6521700178 0.6699886747 0.8440455185 0.6431472641 0.6798789449
8.111666667 1.231765707 0.982578995 1.116822257 0.9570291311 1.099422699 0.9550673697 1.090270522 0.9168200097 0.3218689844 0.8762636064 0.4540471378 0.8698190443 0.9209445273 0.7492364546 0.3647972263 0.7289923934 0.7078013125 0.9064336791 0.6998874023 0.7525158839
8.215 1.300880385 1.031496905 1.192869268 1.022600468 1.116052081 1.021917592 1.106162636 0.9915405991 0.3580855126 0.9446960124 0.5023732402 0.9483448966 0.9503665284 0.8191292277 0.4119156378 0.8122094199 0.748743882 0.9704659789 0.7618673168 0.8297921372
8.318333333 1.365790159 1.080454469 1.262891102 1.088595069 1.129860992 1.086355024 1.118539758 1.067062308 0.397816972 1.014413947 0.553777348 1.030196476 0.9731968401 0.8873786506 0.465889178 0.9041068707 0.7906405545 1.034111143 0.8319744946 0.908586698
8.421666667 1.418627993 1.129965814 1.332344148 1.155019576 1.138705699 1.146675004 1.129587812 1.138971969 0.4412682365 1.084444138 0.6066032455 1.113317967 0.9989775098 0.9576836842 0.5238981988 1.002288193 0.8329494077 1.0969909 0.9047787108 0.9945616407
8.525 1.465209407 1.174138261 1.393671683 1.219607976 1.140218899 1.201109676 1.137714639 1.207567475 0.4867725318 1.154005415 0.6608704327 1.198228596 1.025768025 1.028661244 0.5872553705 1.105348483 0.8765662826 1.157310242 0.9791746318 1.081574805
8.628333333 1.50396143 1.218138422 1.450087432 1.283466692 1.139443205 1.25031729 1.142927875 1.273490554 0.5358605506 1.222042242 0.7174198805 1.280922952 1.0509548 1.100614492 0.6555349541 1.20799656 0.9187337536 1.215567547 1.057078282 1.171775496
8.731666667 1.53431587 1.259336518 1.501645297 1.345900702 1.136039837 1.297093202 1.147226238 1.34110553 0.5896576191 1.282310577 0.7732472832 1.359635552 1.074211122 1.174235669 0.7268172399 1.31528708 0.9598249642 1.270377758 1.136276224 1.25739661
8.835 1.553400617 1.291271317 1.547365311 1.402104832 1.126790224 1.339570343 1.147872952 1.404181857 0.6472698125 1.342496865 0.827145824 1.433269275 1.096013614 1.24207473 0.8015712798 1.416679121 0.9974707511 1.32175213 1.210914738 1.339862687
8.938333333 1.564590938 1.32175436 1.587146952 1.452267594 1.121020781 1.373960703 1.148155732 1.461775634 0.7093160146 1.397621062 0.8795742014 1.500229369 1.122089957 1.315549791 0.8778859558 1.516609024 1.033928588 1.365182462 1.285279408 1.420812507
9.041666667 1.572006585 1.346798927 1.618285511 1.498895158 1.108333846 1.403801768 1.147967731 1.513973757 0.7744408214 1.441145494 0.9282290635 1.557578956 1.146215017 1.387249791 0.9525431365 1.606706529 1.066688208 1.402385678 1.354938041 1.493873068
9.145 1.568692422 1.36692862 1.643367363 1.538826498 1.098734253 1.431464923 1.149543521 1.563107758 0.8399502833 1.478686546 0.9743713587 1.606176749 1.171004412 1.45233428 1.023914495 1.69032154 1.097579081 1.431951879 1.417882579 1.56225574
9.248333333 1.560979803 1.382615553 1.663717882 1.571449868 1.088791741 1.454570621 1.150618644 1.60696961 0.8996324559 1.512186775 1.014601274 1.645022126 1.196313193 1.517835103 1.093611108 1.758240307 1.126436598 1.458488396 1.471053798 1.618788803
9.351666667 1.544905144 1.39460089 1.67375035 1.596182025 1.082316821 1.474161991 1.155304498 1.645785049 0.9509008775 1.535428435 1.050618263 1.673953734 1.223487871 1.578528533 1.157590164 1.8145799 1.152182785 1.475413185 1.518912047 1.66838349
9.455 1.527092275 1.397745928 1.677062267 1.610134455 1.078708429 1.49040135 1.159366928 1.675457704 0.9948794439 1.551040565 1.080437857 1.691896345 1.248001907 1.634983973 1.214297278 1.858867393 1.172754755 1.487765896 1.557521727 1.706084571
9.558333333 1.507086701 1.399104599 1.672619696 1.616007698 1.076726734 1.501512857 1.163900313 1.700088695 1.028219084 1.559373091 1.103068035 1.699415402 1.274525152 1.683726418 1.26104274 1.88787425 1.191711287 1.493381688 1.584592979 1.733121022
9.661666667 1.479949815 1.397846135 1.661138805 1.617314545 1.076591456 1.51248469 1.171088638 1.713301012 1.050748267 1.560583749 1.121536933 1.697085863 1.297850106 1.722207512 1.3015776 1.902384345 1.208933976 1.494497883 1.605501014 1.752038633
9.765 1.45426065 1.390183646 1.646512058 1.611796974 1.078105027 1.520902639 1.180270914 1.726527489 1.067631884 1.558022567 1.136033685 1.688871273 1.320721524 1.75463983 1.333889225 1.906405298 1.223030016 1.491586561 1.617580966 1.765142431
9.868333333 1.423850937 1.381557594 1.622020448 1.5986946 1.082325922 1.525654266 1.189041438 1.729564419 1.075563214 1.548115889 1.149044985 1.673061906 1.345405951 1.779763499 1.357526937 1.899486668 1.232447828 1.480918909 1.621777126 1.765339704
9.971666667 1.3919695 1.369768148 1.594932579 1.579798648 1.087917711 1.527710715 1.197595136 1.724648531 1.079519053 1.536944054 1.159073132 1.652546099 1.365249838 1.795978551 1.377819604 1.879817216 1.241385967 1.466328577 1.617751136 1.758432913
10.075 1.361720372 1.357958923 1.566651709 1.555937941 1.09326354 1.525622306 1.209170711 1.713792814 1.081181668 1.519874799 1.167135151 1.627280749 1.384510087 1.803112383 1.390264287 1.851663319 1.250598898 1.452482091 1.607798151 1.745053439
10.17833333 1.333348684 1.342335612 1.534310811 1.528012902 1.100820484 1.52438212 1.218554373 1.698669634 1.085214548 1.499887417 1.170702329 1.596967443 1.401030278 1.802389328 1.398497001 1.81811616 1.254141658 1.436293124 1.592450746 1.723836035
10.28166667 1.303990843 1.327634936 1.498651986 1.499866517 1.110039885 1.51526587 1.230181463 1.67697614 1.088126411 1.478793329 1.175554467 1.564544126 1.414750294 1.791030728 1.403934 1.776789289 1.259572952 1.418469447 1.573599256 1.699084343
10.385 1.275445239 1.311018408 1.46156081 1.469246308 1.121300714 1.50843629 1.241759902 1.651444557 1.090930082 1.456471209 1.181297724 1.529887266 1.427882698 1.773738966 1.406705222 1.729695721 1.263596132 1.400904335 1.548604629 1.667785785
10.48833333 1.245188793 1.295668728 1.424573474 1.438750909 1.132147321 1.497617641 1.251013674 1.619875477 1.097691094 1.432127129 1.18688624 1.494370955 1.435991336 1.749121693 1.405953054 1.681600794 1.269320513 1.380964486 1.52325827 1.633147081
10.59166667 1.21845998 1.279822614 1.387526844 1.404673578 1.14505551 1.480612915 1.258367115 1.587997049 1.104477573 1.407740935 1.193251859 1.457637133 1.43724872 1.720328345 1.406399079 1.630026326 1.272986705 1.361062681 1.493998181 1.595506531
10.695 1.194646657 1.26313222 1.347450134 1.371948394 1.15760432 1.462195107 1.263931583 1.54895454 1.112954935 1.381021221 1.201813389 1.419776791 1.437286375 1.68608011 1.403834363 1.57533068 1.275377548 1.340945957 1.466012055 1.557122917
10.79833333 1.168820882 1.247506999 1.311807263 1.335180067 1.170807389 1.443885098 1.267349 1.508342937 1.121464703 1.355671181 1.211113865 1.383510646 1.433247173 1.644461352 1.401347695 1.520658817 1.278743921 1.320755005 1.433467274 1.517663405
10.90166667 1.144321158 1.230453832 1.277302364 1.302427189 1.182263089 1.422437248 1.268941397 1.468364063 1.134320363 1.330380475 1.222370264 1.345965438 1.425057115 1.605113513 1.395070018 1.46532125 1.279450874 1.301643448 1.401064623 1.473937062
11.005 1.124880657 1.214006006 1.242199941 1.269329428 1.194697672 1.402417407 1.267971545 1.425705166 1.146308931 1.303885197 1.2341349 1.311156654 1.412758119 1.559038952 1.388856363 1.409752895 1.279671918 1.285339502 1.367274577 1.429250249
11.10833333 1.105736063 1.199449555 1.205354677 1.239490232 1.204693182 1.378106862 1.262532279 1.382679585 1.161699771 1.27679044 1.248275862 1.275671817 1.398472372 1.512354317 1.38047949 1.355698686 1.279066074 1.266177431 1.33268714 1.385273203
11.21166667 1.086092843 1.18136708 1.172252744 1.205615025 1.214598394 1.351572269 1.254675787 1.337743227 1.176922744 1.250517011 1.259973809 1.239878562 1.379250124 1.463220264 1.367501105 1.301580516 1.278697066 1.246408097 1.295677753 1.34158069
11.315 1.069570543 1.166929854 1.139360404 1.17342364 1.221093194 1.32496802 1.242346439 1.29334965 1.19265775 1.2242628 1.270372565 1.203896103 1.358006443 1.415733749 1.354681876 1.249847142 1.274949682 1.230160568 1.259054465 1.294707422
11.41833333 1.051718515 1.152174245 1.107254804 1.142158497 1.224892158 1.296618838 1.228649246 1.246906116 1.208893816 1.19857165 1.277995462 1.168485139 1.334099378 1.367265846 1.336049067 1.196827532 1.270567138 1.210497032 1.222763206 1.24999302
11.52166667 1.037207221 1.137830141 1.077771828 1.11455183 1.227080497 1.26918307 1.210347585 1.203094975 1.225177367 1.172530491 1.282390688 1.132816689 1.307393303 1.318571508 1.314642275 1.147513575 1.264340857 1.193669842 1.182647371 1.20442984
11.625 1.024211855 1.122131141 1.048214126 1.085492405 1.226826218 1.238061465 1.18995661 1.159724386 1.24042153 1.149131388 1.282146323 1.099877144 1.280548914 1.269552751 1.293474478 1.100668887 1.257342493 1.174551154 1.14457664 1.161320956
11.72833333 1.008718588 1.107292982 1.021023682 1.057387519 1.225167592 1.208112396 1.168719365 1.116359949 1.255177872 1.126149757 1.277824961 1.065984398 1.252023002 1.223155177 1.269611212 1.055300413 1.247924496 1.158274042 1.109109442 1.118754157
11.83166667 0.9958562333 1.09064752 0.9962280218 1.030969346 1.219003746 1.180323689 1.144757497 1.076330418 1.268483744 1.10133424 1.268292995 1.033231961 1.221094558 1.177388576 1.243810438 1.01241659 1.241107692 1.139683716 1.071960767 1.076565967
11.935 0.9852318919 1.077117576 0.971123757 1.003815692 1.21245778 1.150381136 1.117722644 1.036356879 1.28006584 1.078678249 1.255473771 1.00145069 1.19127496 1.131601138 1.216483123 0.9713615207 1.230465833 1.120589645 1.036296213 1.038061793
12.03833333 0.97436262 1.062981377 0.9484624812 0.9796653726 1.202848187 1.123418703 1.092180015 0.9972189801 1.289092015 1.05585838 1.239158254 0.9695170357 1.159862952 1.088267847 1.188124994 0.9328134665 1.217458238 1.103103463 1.002509437 1.000047689
12.14166667 0.9652431997 1.047736855 0.9253088714 0.9535717495 1.190687535 1.094199315 1.065068636 0.9606973123 1.295484962 1.035148427 1.220128591 0.9379160464 1.128256801 1.044490209 1.161462939 0.8969102862 1.203706939 1.08426486 0.9708318942 0.9627394721
12.245 0.9560952936 1.031746779 0.9054723137 0.9294769327 1.17766451 1.06623074 1.037104275 0.924682162 1.297903303 1.011935156 1.199741429 0.9095866329 1.095362507 1.003920081 1.134031456 0.8629866713 1.188979829 1.066254224 0.9418901366 0.9285681789
12.34833333 0.946665544 1.016746513 0.8850692947 0.9073676722 1.162962441 1.039044867 1.010323335 0.8914256667 1.298287544 0.9933671196 1.177842518 0.8813306135 1.062562435 0.9636870688 1.109120991 0.8325448852 1.17160434 1.046667444 0.9113513092 0.8957756798
12.45166667 0.9383424675 1.000495728 0.8660696506 0.8849154608 1.146415642 1.014744155 0.9843157177 0.8603630766 1.297608446 0.9751846581 1.15814735 0.8558190221 1.031363974 0.9265893955 1.08246857 0.8041868621 1.154180478 1.028154975 0.8855191236 0.8663790913
12.555 0.9302524929 0.9843094818 0.8499422257 0.8637743499 1.129401235 0.9895482516 0.9603033691 0.8314463022 1.291402212 0.9560972435 1.137064779 0.8308169339 1.000296558 0.8905454936 1.055911791 0.7776651925 1.135226207 1.007032724 0.8614804182 0.8387266113
12.65833333 0.9220435906 0.9682271255 0.833323995 0.8445776015 1.111015315 0.9657906232 0.9378898628 0.8033416002 1.28324024 0.9371453996 1.117584505 0.8050683626 0.970577196 0.8556517138 1.03165647 0.7531891547 1.115861978 0.9885239851 0.8393529584 0.812152681
12.76166667 0.9147811342 0.9531678237 0.8180522937 0.8260497438 1.092647101 0.9417461549 0.9182831813 0.7776758395 1.2710543 0.9205110083 1.100662394 0.7836815477 0.9418630208 0.8246659249 1.008881105 0.7314434948 1.095374371 0.9688080352 0.8192414918 0.7890672563
12.865 0.9075459316 0.9386920679 0.8042279934 0.8085275585 1.07346038 0.9191931246 0.9003797379 0.7548113609 1.256762235 0.9035307241 1.082994049 0.7640107838 0.9158417068 0.7939352465 0.9876528364 0.7112616285 1.07516628 0.9491098471 0.8009183331 0.7683628444
12.96833333 0.9009476317 0.924285574 0.7913039353 0.7934032273 1.054586892 0.8970745073 0.8834991135 0.7336894648 1.241008185 0.8878367428 1.068119233 0.7459733645 0.8901364499 0.7666670025 0.9682010358 0.6942153454 1.055323879 0.9302921761 0.7855112978 0.7490662692
13.07166667 0.8946939984 0.9096164828 0.7787887749 0.7770866291 1.034785845 0.8755825606 0.8689742053 0.7149316835 1.224113927 0.8732031312 1.053036427 0.7310250866 0.8676418004 0.740751958 0.9498322337 0.6801456026 1.036716686 0.913037293 0.772810554 0.7313582654
13.175 0.8888362917 0.8967260338 0.7664589588 0.7627569089 1.014963449 0.8572199813 0.8567289986 0.6982185609 1.207314552 0.8593995715 1.039235664 0.7176298107 0.8456894776 0.7178055234 0.9347597656 0.6661065663 1.015140941 0.8959930381 0.7624635867 0.7158832787
13.27833333 0.8833207948 0.8853988662 0.756494106 0.7497035706 0.9955323409 0.8402217334 0.8464184953 0.6839247133 1.189677172 0.8469509122 1.027308792 0.7063691116 0.8271410783 0.6961856798 0.9221087788 0.655511603 0.9973646231 0.8798304115 0.7545954072 0.7030729954
13.38166667 0.8784374888 0.8733738732 0.749788796 0.7390544089 0.9778784425 0.8242276588 0.838618755 0.6711610857 1.17106591 0.8346991995 1.016937664 0.6988778607 0.8090927514 0.6765322518 0.9111497871 0.6468062199 0.9787237785 0.8648166081 0.748637345 0.6922054227
13.485 0.8746075005 0.8629081672 0.7420073384 0.7313589689 0.9619434733 0.8076690808 0.8329821493 0.6614240017 1.154957747 0.8245994405 1.007710287 0.6936078368 0.7930811684 0.659765754 0.9018201324 0.6414133654 0.9627268332 0.8506676891 0.7444469213 0.6838344446
13.58833333 0.870143392 0.853778584 0.7347996181 0.7241290519 0.9467711522 0.7949121935 0.8290754398 0.6531212241 1.139370156 0.8165354803 1.000202117 0.6902401884 0.7808445282 0.6458048431 0.895627484 0.6368021032 0.948306008 0.8395826944 0.7429681085 0.6783728881
13.69166667 0.8665654836 0.8449126023 0.7287294079 0.7180292063 0.9325903874 0.7834632782 0.8275232907 0.6476750065 1.12209882 0.8082778515 0.9947585625 0.6903132271 0.7702703892 0.6337995076 0.8912173497 0.6356730947 0.934253609 0.8288189677 0.7438728211 0.6746420703
13.795 0.8630132601 0.8378753102 0.7254034482 0.7143340631 0.9190188037 0.7739992914 0.827352116 0.6448383318 1.106181609 0.8015415072 0.9902766837 0.6928677019 0.7621534247 0.6247627578 0.889726362 0.6361934208 0.9221310609 0.8202749469 0.7465966452 0.6725762554
13.89833333 0.8602869448 0.8312928485 0.7226413213 0.7132629635 0.9079746539 0.765385462 0.828934866 0.645763171 1.091270569 0.7949476199 0.9876436423 0.6959961849 0.7569312526 0.618347643 0.8886774366 0.6384139716 0.9111088429 0.8120091724 0.7509185991 0.672532015
14.00166667 0.8583177313 0.8249154351 0.721294243 0.7121441268 0.8976966494 0.7583560266 0.8327858877 0.6477679888 1.076791096 0.7916741001 0.9869299998 0.7024265889 0.7546488597 0.6133530162 0.8899031844 0.6434536497 0.9009266272 0.8056619325 0.7567915166 0.6751579612
14.105 0.8560196877 0.8207598456 0.7204140655 0.7133825391 0.8893621216 0.7533321869 0.8396512029 0.6525388801 1.062973429 0.7894598161 0.9862791521 0.7111669236 0.7542238366 0.6109378579 0.8924555616 0.6520168002 0.8941313321 0.8019901327 0.7647700444 0.6797037525
14.20833333 0.8531007877 0.8176072242 0.72087229 0.7154206936 0.8828381057 0.7493607926 0.8460014922 0.65981037 1.04855668 0.7879240887 0.9872661522 0.7206207713 0.7556152789 0.6120926997 0.8937929027 0.6607420463 0.8865793858 0.7981970965 0.7743055632 0.6874869109
14.31166667 0.853676636 0.8158070383 0.7228015301 0.7197525272 0.8775962442 0.7470462681 0.8552108979 0.6692752264 1.035723291 0.788121404 0.989549005 0.733737822 0.7605366328 0.6153133509 0.8982047492 0.671512253 0.8813229541 0.7969948483 0.7855167618 0.69580763
14.415 0.8533787285 0.8144099065 0.726700922 0.7262024714 0.8752590023 0.7458980284 0.8655292683 0.6807309225 1.02286662 0.7898279586 0.9918881996 0.7477962489 0.7649825096 0.6201443793 0.9036566361 0.6848027781 0.8771762875 0.7968718202 0.7959359083 0.7048302828
14.51833333 0.8534759731 0.8134433099 0.7323763167 0.7336014146 0.8726269381 0.7468460257 0.8768176336 0.6935007381 1.010062859 0.7905457828 0.9937600738 0.7631795929 0.7742418185 0.6285411746 0.9086544466 0.7003432535 0.8743566157 0.7976133908 0.8085507486 0.7175078255
14.62166667 0.8551621128 0.8135686509 0.7376308003 0.742720191 0.8722208064 0.7496372575 0.8900221668 0.7088214439 1.000224007 0.7938386337 0.9972716321 0.7813322232 0.7835356491 0.6381513746 0.9133914242 0.7166099286 0.8724894962 0.8002231235 0.8218568253 0.7304254893
14.725 0.856692617 0.8158355125 0.745218896 0.7536096192 0.8721005354 0.7524390612 0.903186218 0.7266706639 0.9897460811 0.7978451334 0.997880507 0.798894338 0.7940810928 0.6502609431 0.9190967331 0.7348496639 0.8708679695 0.803540305 0.8372858154 0.7459307315
14.82833333 0.8583727655 0.8195559292 0.7542902488 0.7650987225 0.8736198507 0.7578923077 0.9162444452 0.7456357292 0.9799778701 0.8031496196 0.998807335 0.8168640958 0.8061878189 0.6659357804 0.9242039229 0.7543188262 0.8702997287 0.8086113752 0.8519998337 0.7620770536
14.93166667 0.8617430345 0.8225819543 0.7658471324 0.7783216657 0.8755670194 0.7638103354 0.930856527 0.7666561027 0.9724879644 0.808462605 1.000102502 0.836550648 0.8208327777 0.6820531526 0.9295493987 0.7748449333 0.8714114097 0.814461135 0.866493021 0.7795510614
15.035 0.8652091138 0.8278835857 0.7778358536 0.7933297016 0.878946134 0.7713736407 0.9446278256 0.7893845473 0.9668815877 0.8156690865 1.001089016 0.8566624279 0.8340351134 0.7014806208 0.9337420331 0.7962019069 0.8730301274 0.8211412412 0.8812036534 0.7989661233
15.13833333 0.8701987207 0.8347324896 0.7922786654 0.8083319304 0.8838907525 0.778795562 0.9585175285 0.8130930129 0.9609320479 0.8236938871 1.000043489 0.8773115642 0.8500381425 0.7224930604 0.9377653561 0.8191024198 0.8747132967 0.8280126389 0.8960138834 0.8176994121
15.24166667 0.8766306239 0.8396884885 0.8084809125 0.8252392987 0.8891440841 0.7883071121 0.9720840304 0.8363353163 0.9564364489 0.8319776212 0.9990079756 0.8981114054 0.8658411923 0.7449558679 0.9415599242 0.8416450187 0.8777233279 0.8373698328 0.9122090412 0.8364369202
15.345 0.8822234044 0.8477995767 0.8240357764 0.843099793 0.8944904314 0.7982858459 0.9839366257 0.8600212371 0.9530944071 0.8415393071 0.9971648403 0.9178422851 0.8830468639 0.7680362142 0.9450986076 0.8646837752 0.8804877006 0.846173125 0.9264566965 0.8565109631
15.44833333 0.8887781272 0.857222418 0.8420032749 0.8618636712 0.8996930432 0.8092555056 0.9965951007 0.8850714479 0.9502662884 0.8505553097 0.9942674243 0.937256451 0.899142548 0.7933201926 0.949762173 0.8880290741 0.8835906337 0.8555316414 0.9409078041 0.8780376167
15.55166667 0.8971776146 0.8664311414 0.861893676 0.8797283999 0.9063738979 0.8213350202 1.006254102 0.9104533223 0.9479205046 0.8610372007 0.9912923992 0.9564615628 0.9149989837 0.8189783263 0.9529444683 0.912247962 0.8882353547 0.864435177 0.954634774 0.8982507017
15.655 0.9055795004 0.8767590486 0.8817059708 0.9000051675 0.9132756209 0.8348995325 1.017301635 0.9348626817 0.9465587632 0.8711260799 0.9885029124 0.9749642831 0.9298994302 0.8453873296 0.9577691507 0.934635889 0.8918741262 0.8742596761 0.9672960457 0.9184647875
15.75833333 0.9146024795 0.8879165615 0.902906232 0.9206486152 0.9203766216 0.847462934 1.026518738 0.959413916 0.9448649635 0.8821286688 0.9849481739 0.9919663051 0.9460197326 0.8714392169 0.9601080976 0.9576306845 0.8963497534 0.8843826954 0.980039631 0.9379693136
15.86166667 0.9251405051 0.8990684852 0.9242663531 0.940363501 0.927831016 0.8620062283 1.035073676 0.9841480254 0.943954514 0.8937732729 0.9810293064 1.008172196 0.9610137697 0.9002174979 0.9627125412 0.9786428324 0.9019422972 0.8946319303 0.9917251121 0.9570828887
15.965 0.9361244161 0.9115903418 0.9471577793 0.9614699213 0.9343139048 0.8745345613 1.042127432 1.006082303 0.9432344652 0.9048818686 0.9769497425 1.02253 0.9745169846 0.9275623178 0.9648189058 1.000177201 0.9051909675 0.9049527361 1.003046355 0.9763300831
16.06833333 0.9459823035 0.9235945596 0.9696128072 0.9822183252 0.9414672857 0.8891107585 1.04793436 1.028306618 0.9434742437 0.9172964903 0.9734638719 1.036998877 0.9872230947 0.9548835958 0.9670758638 1.020819892 0.9093736793 0.9156390964 1.012131116 0.9960326691
16.17166667 0.9575394905 0.935833895 0.9914722322 1.002750434 0.9487887114 0.9035282753 1.053020766 1.048754929 0.9425011813 0.9284764936 0.9675667825 1.050870061 1.000925875 0.9808133962 0.9674121089 1.040722356 0.9149667019 0.9262619008 1.022472998 1.013052347
16.275 0.9686119479 0.9493520096 1.013768618 1.021917488 0.9545458975 0.9180534412 1.056211493 1.06816149 0.9428055867 0.9419284724 0.9621768139 1.062591014 1.013397219 1.006510234 0.9688746327 1.059166226 0.9189462154 0.9376466882 1.029959247 1.030098604
16.37833333 0.9794878426 0.963075713 1.034779725 1.042285902 0.9621010792 0.9331932075 1.058248333 1.086109555 0.9409947977 0.9537657918 0.957051605 1.073210251 1.02442751 1.031174074 0.9697648726 1.075432404 0.9238423411 0.9488870186 1.037898095 1.045148464
16.48166667 0.9899655213 0.9756343862 1.056719808 1.060760773 0.9676321675 0.9465152184 1.060099152 1.103008997 0.940021164 0.9641949423 0.9513380295 1.081752879 1.032971343 1.0551194 0.9705496093 1.091548272 0.9290584989 0.959161277 1.046755335 1.059815833
16.585 1.000244354 0.9885027951 1.078209826 1.07807083 0.9738304898 0.9615253428 1.059737638 1.11703381 0.9400402576 0.9763556125 0.9453885581 1.090226648 1.041253251 1.077605564 0.9710700649 1.106071824 0.9336011087 0.9684534613 1.052901604 1.07395171
16.68833333 1.010624135 1.002343708 1.096806506 1.095888943 0.9786549943 0.9766328813 1.060501762 1.129696951 0.9387738304 0.9889095525 0.9390105477 1.097414361 1.049655864 1.0986536 0.9712660601 1.119817121 0.9384614188 0.9794759071 1.059067914 1.086105838
16.79166667 1.020709403 1.015433014 1.11427565 1.111011378 0.9836761968 0.9901616043 1.057544061 1.140146935 0.9372491373 1.000914144 0.9335793094 1.102973333 1.056815246 1.118043943 0.9697349577 1.130913553 0.9427072565 0.988527491 1.06232214 1.098475622
16.895 1.030066229 1.027859482 1.131451996 1.125395691 0.9888680823 1.002739216 1.054861221 1.150004341 0.9364697298 1.011972461 0.9287853164 1.108214213 1.062243581 1.135669628 0.9708979669 1.142514252 0.9476597756 0.9981827044 1.067113275 1.109175982
16.99833333 1.039005714 1.038364817 1.147704273 1.138168449 0.9920627926 1.015961396 1.052400704 1.156891564 0.9360363504 1.023480651 0.9243717164 1.112688722 1.067488858 1.150591345 0.9704209981 1.150480616 0.9517711827 1.008240591 1.07223696 1.117695803
17.10166667 1.047977277 1.050387534 1.161730775 1.149910644 0.9969092518 1.029139449 1.048369917 1.162535506 0.9342002696 1.032828135 0.921229146 1.115528846 1.07072053 1.163556962 0.9693776977 1.15812202 0.9560869187 1.017093067 1.0753752 1.126045641
17.205 1.05639053 1.061009631 1.173628669 1.159962171 1.00040217 1.041652044 1.042809379 1.166723167 0.933003024 1.044015668 0.9187798297 1.117793463 1.072873281 1.175393743 0.9690957778 1.164971936 0.9608835412 1.025637022 1.077851157 1.132899227
17.30833333 1.064050455 1.071346113 1.183222322 1.168932063 1.003696236 1.052482154 1.038282561 1.170070175 0.9310087712 1.05223482 0.9176687515 1.119170473 1.074902347 1.185003549 0.9702810291 1.170108696 0.9654850545 1.033997121 1.079257295 1.138434406
17.41166667 1.070387424 1.080671863 1.192253577 1.176195431 1.007140061 1.063256078 1.033557338 1.17197636 0.9305585959 1.061941469 0.9156773642 1.120503238 1.076604207 1.192796042 0.9707173116 1.173758162 0.9699609575 1.041455155 1.081587839 1.143645524
17.515 1.077104939 1.088814557 1.199815398 1.181063673 1.008569077 1.072680293 1.028662069 1.170587361 0.9287560138 1.071750118 0.9150395316 1.121650625 1.076264815 1.19957134 0.9712417626 1.17749456 0.9744644359 1.04882593 1.081535108 1.147772595
17.61833333 1.081791205 1.095869453 1.205143592 1.185608887 1.009856769 1.082531634 1.02433017 1.170407621 0.9282588471 1.07881653 0.9161503682 1.120632472 1.074659785 1.20247164 0.9720544978 1.178022055 0.9784835807 1.055331186 1.082167112 1.150811477
17.72166667 1.086217642 1.101388202 1.208210925 1.188441949 1.011505455 1.090273028 1.019319802 1.167090193 0.9257488647 1.085624659 0.9171286656 1.119957998 1.074026095 1.205811903 0.9737201682 1.179329926 0.9832302869 1.061360593 1.083398969 1.152525334
17.825 1.090323961 1.107196975 1.209903423 1.189511714 1.01299713 1.097652492 1.015109408 1.162995678 0.9243203469 1.093250329 0.9191287465 1.119180832 1.072063694 1.206643685 0.9752921282 1.1788295 0.9870023807 1.067376647 1.08376901 1.153649641
17.92833333 1.093445559 1.112345485 1.208672028 1.188654017 1.014427931 1.105615766 1.011234381 1.159906434 0.9247323514 1.098539674 0.9225617801 1.117064356 1.069547592 1.205503715 0.9769314307 1.177394631 0.9919487586 1.072898791 1.084051076 1.153393234
18.03166667 1.09596565 1.115986331 1.206924624 1.186726092 1.016425681 1.110718358 1.006986349 1.154592909 0.9246701404 1.10283102 0.9247100635 1.116739249 1.067141697 1.203463257 0.9781045423 1.175542955 0.9956647926 1.077471036 1.083317982 1.151157429
18.135 1.097622789 1.11850018 1.203895913 1.184169477 1.016925084 1.115785588 1.004923678 1.148684735 0.9237144233 1.108557516 0.9282456334 1.113431803 1.065052176 1.200016156 0.982077365 1.171190472 1.000532222 1.08200469 1.083012554 1.149734352
18.23833333 1.098265194 1.119525638 1.199801657 1.179163157 1.017609797 1.120793014 1.002002481 1.142764066 0.9242275477 1.111700871 0.9333064821 1.110593005 1.061927172 1.196365549 0.9852357806 1.166514603 1.005646007 1.085137423 1.082334903 1.147466154
18.34166667 1.098031804 1.1204378 1.192669381 1.172960147 1.01872066 1.124527719 0.9990488953 1.135312799 0.9249412055 1.113704058 0.9376226692 1.10791555 1.059273914 1.190521608 0.9879294577 1.163300312 1.009674061 1.087083038 1.081347651 1.145344198
18.445 1.098516465 1.120582892 1.185529816 1.166486568 1.020255374 1.128507402 0.9975886606 1.128693257 0.9254660631 1.115942559 0.9416701501 1.103382407 1.056050027 1.184561931 0.9927235447 1.157784139 1.013142397 1.090497877 1.079782379 1.141093083
18.54833333 1.096130652 1.119570023 1.176310052 1.158446447 1.020252213 1.130256422 0.9963636999 1.122076949 0.9270757677 1.116870736 0.9459218139 1.099821838 1.053543251 1.177591697 0.9968499266 1.152182973 1.017978424 1.091878763 1.079147048 1.137078219
18.65166667 1.0951812 1.117497264 1.168325826 1.149881587 1.02051672 1.1313537 0.9953719998 1.115319119 0.9289779021 1.117775175 0.9501629233 1.096245837 1.050744503 1.17062098 1.001156509 1.144733706 1.021837509 1.092403953 1.078225403 1.131778176
18.755 1.093139179 1.114791786 1.157384548 1.141027315 1.020263672 1.130919776 0.9954265743 1.107947979 0.9311626884 1.118027342 0.9537392396 1.092621322 1.048182077 1.162529868 1.004479525 1.137328504 1.0261984 1.093956838 1.076779332 1.126657029
18.85833333 1.08973079 1.111585613 1.146150307 1.130393317 1.020193885 1.130526826 0.9956503346 1.099987554 0.9332095194 1.11705197 0.9594545407 1.087399446 1.046531623 1.154666881 1.009926996 1.129688225 1.03085171 1.094503099 1.074835812 1.119940276
18.96166667 1.086717616 1.107679947 1.13506732 1.120345199 1.020655446 1.128222157 0.9952807966 1.091669204 0.9351817837 1.114857218 0.9638836876 1.082305478 1.043191092 1.145279136 1.01376944 1.121222226 1.034234028 1.093781238 1.07199388 1.113174633
19.065 1.083407834 1.102823594 1.123205114 1.10932361 1.021663293 1.127437675 0.996725828 1.084402482 0.9377666392 1.111646544 0.968160588 1.077135126 1.041392039 1.136160817 1.018348072 1.112304977 1.036906452 1.093431434 1.06930072 1.106808062
19.16833333 1.079519909 1.098246663 1.109524036 1.098239997 1.021913211 1.124875287 0.9973118503 1.076161134 0.9409002916 1.108809325 0.9725037464 1.071557421 1.039815354 1.12675502 1.02271462 1.103856454 1.039605296 1.092000453 1.066240283 1.099739102
19.27166667 1.07522032 1.09312836 1.0976943 1.086335933 1.021905744 1.121739471 0.9972014481 1.068107077 0.9451343233 1.105159525 0.9776599742 1.066512635 1.037243965 1.116845152 1.026820821 1.094850576 1.04298174 1.090332647 1.062591052 1.092728334
19.375 1.070136956 1.086670785 1.084616624 1.074934619 1.020766975 1.118589338 0.9983664833 1.060208432 0.9498888058 1.10133588 0.9822047321 1.059846137 1.036399144 1.10675675 1.031911533 1.085410913 1.045348429 1.088482645 1.059629358 1.085618199
19.47833333 1.06566436 1.080429176 1.07201753 1.062547621 1.020466717 1.113742871 0.9990947114 1.052143066 0.9551584409 1.096850214 0.9866535221 1.054228773 1.033923167 1.096816284 1.035751448 1.076707338 1.047708771 1.08567878 1.055626419 1.076701715
19.58166667 1.060009204 1.073861678 1.05949946 1.051206902 1.021036366 1.109686544 1.000144703 1.043610334 0.9595081286 1.091820076 0.9911384346 1.048644116 1.032680526 1.08610148 1.039164615 1.066826477 1.049353102 1.082383769 1.052509235 1.069076303
19.685 1.05453916 1.067365431 1.046210649 1.040506184 1.020756123 1.104520175 1.001054649 1.035238142 0.9648162064 1.086465214 0.9955371202 1.04080315 1.030862307 1.077867374 1.042639287 1.056857662 1.051609587 1.079935357 1.048026108 1.059969513
19.78833333 1.049696942 1.060496048 1.033832848 1.029349827 1.020583002 1.098698421 1.002582716 1.028612521 0.9701183585 1.080691454 1.000477161 1.034175983 1.029002138 1.067115937 1.046052421 1.046874902 1.052898901 1.076356978 1.04289812 1.05217647
19.89166667 1.043971824 1.053249606 1.02139473 1.017805531 1.021251181 1.092439464 1.00253978 1.020803894 0.9762160964 1.074007088 1.006415319 1.027937395 1.02775458 1.056712799 1.048374245 1.036918761 1.053854346 1.072396869 1.03920582 1.044158232
19.995 1.038594755 1.046263382 1.009524384 1.006868927 1.02084268 1.08651941 1.003023945 1.013388982 0.9819586205 1.068857431 1.011562126 1.021438977 1.025520667 1.046739937 1.051381285 1.027091384 1.055625031 1.067656623 1.03463911 1.035059519
20.09833333 1.03292026 1.039021201 0.9982579482 0.9975193418 1.020750251 1.080334278 1.00494862 1.005897355 0.9883966825 1.062887288 1.01580382 1.014610296 1.024132759 1.036381707 1.052786764 1.017271841 1.056556536 1.063050439 1.029409837 1.02644691
20.20166667 1.027602059 1.030920101 0.9873408968 0.9871739937 1.020898005 1.073294159 1.005220761 0.9987086668 0.9925755709 1.056951586 1.020684426 1.007782487 1.022490994 1.026444223 1.053331064 1.008205711 1.055594082 1.05810151 1.023876318 1.018356806
20.305 1.021597584 1.02549755 0.9764384893 0.9777976279 1.02143574 1.065894366 1.005524944 0.9913310311 0.9983020706 1.049580957 1.025109519 1.001780253 1.019983694 1.017115779 1.053809807 0.9978632524 1.05532086 1.053530568 1.018942791 1.010244395
20.40833333 1.015743515 1.018121208 0.9665020573 0.9690883116 1.021117664 1.058132284 1.005582672 0.9842874138 1.002081138 1.04346732 1.029007701 0.9953877157 1.017161532 1.006594609 1.054465619 0.9879320247 1.054942744 1.048475727 1.014340121 1.002863176
20.51166667 1.01081523 1.011259144 0.9570706575 0.9607669301 1.02078236 1.050721668 1.005617592 0.9772569185 1.006549056 1.036500995 1.032543302 0.9889991687 1.015238993 0.9972599985 1.053609504 0.9800793701 1.05443874 1.043698523 1.008875056 0.9945286503
20.615 1.005941535 1.004378432 0.9479633984 0.9533461174 1.021110677 1.043153016 1.00498676 0.9700144984 1.011025398 1.028759113 1.034468272 0.9829263481 1.012826016 0.9875270058 1.053263047 0.9710587892 1.053043319 1.038358746 1.003800547 0.9863180671
20.71833333 0.99986671 0.9982019192 0.9398446694 0.9450780761 1.021093749 1.03717517 1.004458186 0.9636733281 1.013046047 1.022622983 1.036706904 0.9764077971 1.01001088 0.9781657948 1.052044676 0.9626664393 1.051757304 1.032986743 0.9982428159 0.979330117
20.82166667 0.9948098958 0.9917070001 0.932076095 0.9392485784 1.021535981 1.029583971 1.004584287 0.9583778509 1.016578161 1.016457595 1.038567805 0.971177929 1.007973945 0.9689685429 1.04941673 0.9540908537 1.050855042 1.028788511 0.9930372225 0.972279846
20.925 0.9895506269 0.9861337156 0.9253270498 0.9332576212 1.020830821 1.023216447 1.003517109 0.9525782667 1.019816272 1.009884691 1.039566436 0.9655274861 1.005207567 0.960682979 1.046407687 0.9458860112 1.049210579 1.023571319 0.9883523351 0.9648315462
21.02833333 0.985539261 0.9803723103 0.9184717176 0.9268356922 1.020077811 1.015827005 1.002464259 0.9468410365 1.022691993 1.003592325 1.041017684 0.9602321448 1.003132399 0.9521215143 1.043597715 0.9385686512 1.046741214 1.017849515 0.9825078001 0.9589209966
21.13166667 0.9807625217 0.9751423309 0.9122360242 0.9227594359 1.019015712 1.009312757 1.001057892 0.9412666695 1.025669586 0.9976707477 1.041786884 0.955891065 0.9985256529 0.9437122628 1.040338254 0.9321072602 1.044066165 1.01302818 0.9774040579 0.9523369078
21.235 0.9758794863 0.970121696 0.9072615844 0.918159702 1.018831983 1.002739921 0.9998697107 0.937113638 1.028535632 0.9919578695 1.042479832 0.9514765031 0.9957088499 0.9358550006 1.036500271 0.9248803349 1.040915433 1.007937145 0.9723594471 0.9467066085
21.33833333 0.9727094153 0.9657637927 0.9020864982 0.9143865107 1.018057754 0.9954522184 0.9984064972 0.9326706527 1.030161456 0.9859531994 1.043576834 0.9477590384 0.9928609267 0.9285397717 1.032327908 0.9193285975 1.038811927 1.001952292 0.9677220113 0.9411339098
21.44166667 0.969132206 0.960932175 0.8985945226 0.9113729814 1.017207292 0.9898069799 0.9966482856 0.9284520252 1.031952926 0.9800481483 1.043846555 0.9437460752 0.9897604952 0.9213110034 1.029411821 0.9140798742 1.035644558 0.9969061928 0.9633714142 0.93665449
21.545 0.9650600041 0.9575536645 0.8957517993 0.9080984336 1.016597481 0.9842823139 0.9949452167 0.9244296448 1.034062739 0.9756319107 1.042885252 0.9398511846 0.9874462347 0.9144555869 1.024666567 0.9089517342 1.032381901 0.992451994 0.9589329733 0.9313210162
21.64833333 0.9623876707 0.9540253976 0.8924845298 0.906368554 1.01515616 0.9782481877 0.9934577308 0.9209804896 1.035239038 0.9709013151 1.04299403 0.9372171334 0.9847526228 0.9096509117 1.019848222 0.9043608665 1.029334966 0.9885137667 0.9555569825 0.9274110611
21.75166667 0.9601376631 0.9508026301 0.8910543167 0.9054619784 1.014099364 0.9728799411 0.9931544437 0.9187980975 1.036037578 0.9659248867 1.04232996 0.9344165818 0.9813310472 0.9045987216 1.015998037 0.9005636094 1.026609249 0.9840861506 0.9522713377 0.9242283093
21.855 0.9574818568 0.9475838044 0.8896303038 0.9045091627 1.012904257 0.967390136 0.9914955747 0.9164343529 1.03669092 0.9619671306 1.041907035 0.9324889187 0.9787046626 0.8999652116 1.012745098 0.8978359906 1.023337211 0.9804850482 0.9482926712 0.9213481678
21.95833333 0.9550785678 0.945598878 0.8887024626 0.9043138205 1.011717682 0.9624472191 0.9901842344 0.9146539561 1.037430476 0.9573269411 1.041391622 0.930736054 0.9758822673 0.8948683717 1.008214174 0.8953671749 1.020814143 0.9769013236 0.9461894366 0.9183230035
22.06166667 0.9540870256 0.9435940305 0.888698996 0.9041684465 1.009856304 0.9579375926 0.989339622 0.9133115169 1.038385087 0.9545301976 1.039568342 0.9295412999 0.9738496547 0.8915488785 1.004377324 0.8939743171 1.017775323 0.9726994425 0.9429884375 0.9158051162
22.165 0.9519561868 0.9430023797 0.8903446147 0.9045911247 1.008357514 0.9538811366 0.989315786 0.9124344711 1.038140335 0.9507889424 1.037904333 0.92878971 0.9720522733 0.8886047867 1.000984849 0.893601908 1.014341979 0.9693072642 0.9411650736 0.9148164678
22.26833333 0.9498838974 0.941308543 0.8915322877 0.9062448228 1.006326927 0.9489807895 0.988595262 0.9122252378 1.038338485 0.9476041224 1.035851178 0.928468613 0.9688937675 0.8853316052 0.9972371054 0.8932068079 1.011876516 0.9663304924 0.9386576586 0.9138537865
22.37166667 0.9494203184 0.9405727877 0.8926253441 0.9077398978 1.004631535 0.9466462409 0.9876351114 0.913020373 1.037226225 0.9455000717 1.033069782 0.9281393532 0.9674638573 0.8846470535 0.9940637225 0.8932595412 1.00897168 0.9637469774 0.9384442595 0.9128480789
22.475 0.9482989706 0.9393789322 0.8949249082 0.9100952461 1.003031496 0.943327546 0.9871180657 0.9143206086 1.037105134 0.9432229603 1.030215596 0.9282039474 0.9661171137 0.8832310724 0.9913892466 0.8940544148 1.006783085 0.9614186874 0.9385318441 0.9127831095
22.57833333 0.9485590273 0.9395147218 0.89807568 0.9130742513 1.002698624 0.9405420982 0.9874207035 0.9154513846 1.03635992 0.9422389115 1.02833837 0.9299691912 0.9648830954 0.8834183107 0.9879003987 0.8960572686 1.004007236 0.9589624959 0.9378815491 0.913617546
22.68166667 0.9480568327 0.9394191744 0.9010505688 0.9158805447 1.000719365 0.9372268452 0.9865369899 0.9174743432 1.036408892 0.9396726345 1.025994724 0.931458427 0.9640999745 0.8840233895 0.9854113303 0.8982636894 1.002030112 0.9560167862 0.938593678 0.9145515933
22.785 0.9483858758 0.9402528457 0.9053961234 0.919702865 0.9997105371 0.9359132943 0.9865137987 0.920278882 1.035860626 0.9379694504 1.023045136 0.9336459896 0.963707501 0.8855939107 0.9828861633 0.9010565168 0.9981791613 0.9546890067 0.9392465954 0.9158128028
22.88833333 0.9484927978 0.9412343522 0.9100461744 0.923578179 0.9976114345 0.933612547 0.9865138263 0.9231160418 1.035709072 0.9376535986 1.020476062 0.935493128 0.9627665155 0.8878882765 0.9798650796 0.904691619 0.9958708385 0.9535226034 0.9405160059 0.9178078979
22.99166667 0.9494082468 0.9428677986 0.9148809994 0.9279151654 0.9962178989 0.9318561563 0.9873552854 0.9274367103 1.035446769 0.9373519446 1.018856889 0.93808978 0.9622869334 0.8903948397 0.9779810079 0.9087714755 0.9943978494 0.9527721167 0.9424314385 0.920686139
23.095 0.951009533 0.9444921769 0.9211502491 0.9326587735 0.9951712885 0.9313909941 0.9874079348 0.9311951322 1.034502284 0.9376659878 1.015590274 0.9402688251 0.9626471098 0.893255531 0.9770254235 0.9134278855 0.9918843894 0.9521231133 0.9447393822 0.9233225277
23.19833333 0.9519179246 0.9464170058 0.9270596648 0.9382342797 0.9937299938 0.9302336351 0.9875854041 0.9355203286 1.033569892 0.9378695368 1.013492252 0.943870753 0.9640652344 0.8969233201 0.974733451 0.9176864462 0.9892336814 0.9513669437 0.9467024293 0.9262977567
23.30166667 0.9530729116 0.9477463728 0.9332047581 0.9426617302 0.9931003816 0.9299823873 0.9885681182 0.9409624816 1.033049694 0.9385470214 1.011605077 0.9473244268 0.96495846 0.9017773156 0.9740020371 0.9230856986 0.9875648586 0.9515706465 0.949047668 0.9299853295
23.405 0.9558511142 0.94992376 0.9392752257 0.9481917236 0.9922735913 0.9299949178 0.9883875344 0.9466381474 1.032209138 0.9389661835 1.009537271 0.9524698189 0.9659053983 0.9071862064 0.9726647347 0.9295820127 0.9852383376 0.9509602406 0.95277716 0.9344797455
23.50833333 0.9579488564 0.9532266217 0.946455268 0.9536107855 0.9914623006 0.9308781316 0.9893310785 0.9517547782 1.030984813 0.9403145811 1.007367877 0.9563582056 0.9669454752 0.9123964151 0.9722493368 0.9350270945 0.9834085027 0.9511445988 0.9561008952 0.9392710363
23.61166667 0.9596612803 0.9556888071 0.9530535596 0.9593754381 0.9904052518 0.9318777044 0.9897313067 0.9584824258 1.030395434 0.9421709864 1.004762829 0.9607989211 0.9687231392 0.9184176205 0.9721843361 0.9417348019 0.9815674833 0.9511037142 0.9589665769 0.9441144106
23.715 0.9620382831 0.9577495065 0.9600549362 0.9652240303 0.9895219893 0.9328817029 0.990909471 0.9644970501 1.029651423 0.9443212634 1.002708853 0.9655895404 0.970626255 0.9256441033 0.9724266343 0.9483210011 0.9796204939 0.9520043405 0.9625981061 0.9477208958
23.81833333 0.9646022878 0.9611098817 0.9677731221 0.9714131723 0.9891514347 0.934601756 0.9922333517 0.9704668097 1.028664624 0.945861522 1.000688598 0.9702313267 0.9714647034 0.9329534516 0.9728679966 0.9564553864 0.9781171282 0.952618801 0.9665812876 0.9535751474
23.92166667 0.966589639 0.9640871681 0.9752559302 0.9771485554 0.9886999623 0.9364514403 0.9934745565 0.9766719316 1.028160653 0.9480921767 1.000340631 0.975570402 0.9740868946 0.9396691743 0.9732402237 0.9637087575 0.9770297575 0.953786775 0.9709357567 0.959570473
24.025 0.9696645099 0.9677716713 0.9834814018 0.9839629513 0.9887556746 0.9388707372 0.9946026492 0.982875598 1.026292894 0.950499679 0.9998189203 0.9798281389 0.9762410443 0.9485565697 0.9741124705 0.9698622389 0.9754494731 0.9553883538 0.9748766978 0.965403306
24.12833333 0.9731068063 0.9708498717 0.9906569558 0.9896689686 0.9884721316 0.9415918309 0.9957253903 0.9890435269 1.025135587 0.9541090163 0.999552074 0.9847048015 0.9790312891 0.956546644 0.9749523854 0.9777767788 0.9740957329 0.9573430621 0.9787573445 0.9712714641
24.23166667 0.9762842841 0.9742777515 0.9978268169 0.9961050329 0.9873935405 0.9440685408 0.9971681156 0.996180226 1.024073936 0.9564887631 0.9986383838 0.9889186907 0.9814427935 0.9654712049 0.9752169669 0.9852061922 0.9729936859 0.9592503096 0.9827439008 0.9771183174
24.335 0.9795327243 0.9770933361 1.005633857 1.001793952 0.9877011964 0.9466568341 0.9982240826 1.002389424 1.022691654 0.9592028805 0.9982927267 0.9936307761 0.9828578528 0.9741857654 0.9768184841 0.9934467356 0.9726104971 0.9609267191 0.9873698656 0.9828179051
24.43833333 0.9821514614 0.9815712127 1.012079602 1.007599593 0.9877671358 0.9503255095 0.9999749875 1.007936237 1.021247432 0.9626151127 0.9990457894 0.9984200916 0.9860665834 0.9825011654 0.9785147496 0.9996276436 0.9715312901 0.9627472799 0.9909554213 0.9889510786
24.54166667 0.9858652055 0.9845810744 1.019280322 1.013176556 0.9876919111 0.9537388924 1.001572053 1.013160304 1.019423742 0.9658040995 0.998901751 1.003204606 0.9892638226 0.9913300568 0.9803018478 1.006861629 0.9720470651 0.965207737 0.9949024666 0.9943738306
24.645 0.9897550682 0.9878768089 1.026497522 1.019093435 0.9871922811 0.9574958696 1.003345514 1.018289518 1.018002783 0.9696922638 1.000148151 1.007115879 0.9910785951 1.000001484 0.9817091134 1.013414116 0.9708324667 0.9674591845 0.9990373405 0.9998330098
24.74833333 0.9924471757 0.9919998809 1.033078073 1.023673203 0.987711766 0.9604002453 1.00478039 1.024709704 1.016051865 0.9733019966 1.000544127 1.012173777 0.9944210697 1.007558346 0.9837644595 1.020172449 0.9707262849 0.969972986 1.002505391 1.005552814
24.85166667 0.9965790819 0.9953437412 1.038256154 1.028641551 0.9876055133 0.9642230526 1.005397512 1.029546654 1.014123972 0.9776411086 1.001012488 1.015784734 0.9976447389 1.016574804 0.9853396878 1.026847038 0.9712295487 0.9724636033 1.00672319 1.010788255
24.955 0.9997030852 0.9988134275 1.043748031 1.033732992 0.9876615333 0.9687777462 1.007277532 1.034393862 1.012269529 0.9801080066 1.001435619 1.019894178 1.000174639 1.02408773 0.987219523 1.032913066 0.9710557843 0.9754293066 1.010009951 1.015920374
25.05833333 1.002946643 1.002463402 1.04974134 1.038212947 0.9880976493 0.9727895617 1.008444587 1.038644315 1.010665943 0.9843093377 1.001736353 1.024120323 1.00267657 1.031662454 0.9891690436 1.038166226 0.9714106936 0.9778606356 1.013012507 1.020380437
25.16166667 1.006289398 1.006021898 1.054484269 1.042387122 0.9885759357 0.9772337097 1.009871568 1.041852889 1.008878307 0.9874240777 1.001860853 1.027321763 1.004937928 1.038730306 0.9907351727 1.042935756 0.9726653666 0.980622007 1.016252802 1.025749436
25.265 1.00892259 1.009389836 1.059445188 1.04592771 0.989377935 0.9818460391 1.010468928 1.045984012 1.006891665 0.9906938534 1.00136207 1.03048322 1.007915582 1.04554655 0.9916511408 1.047567267 0.9727964612 0.983860773 1.019233638 1.030109696
25.36833333 1.011251898 1.011989146 1.062649121 1.04928961 0.989684274 0.984926808 1.010131421 1.048828287 1.005438885 0.994986188 1.000371906 1.033070597 1.010193318 1.051786525 0.9930244948 1.052231942 0.973148454 0.9862973563 1.022199081 1.033985536
25.47166667 1.014147281 1.014672819 1.06595984 1.051812159 0.9903632769 0.9897288623 1.010547221 1.05149702 1.003726308 0.9988876008 0.9996641573 1.034924934 1.011947948 1.057082505 0.9942331019 1.057078429 0.9747019131 0.9893647871 1.024791795 1.037641994
25.575 1.017082615 1.016978894 1.068281583 1.054622579 0.9913048424 0.9933555641 1.01105495 1.053333428 1.001663443 1.002651848 0.9988740645 1.037262057 1.013889937 1.062709884 0.9956889351 1.060251245 0.9760705018 0.9920375431 1.02666822 1.040968506
25.67833333 1.018676253 1.020114795 1.07055666 1.056206603 0.9920379314 0.9975940711 1.010859549 1.054954701 1.000355787 1.006325673 0.9983566254 1.038971596 1.015832535 1.067662634 0.9961648407 1.062765725 0.9764706436 0.9946446936 1.02873965 1.044118745
25.78166667 1.02075893 1.022863744 1.072548754 1.058285836 0.9929738918 1.001814585 1.010842439 1.056191126 0.9992489527 1.008515003 0.9968306089 1.040245298 1.016784925 1.071325657 0.9967824288 1.064464847 0.9781177024 0.9974275016 1.030125389 1.046934651
25.885 1.022946183 1.024897904 1.073455719 1.059086102 0.9940040843 1.005535915 1.010384702 1.056196622 0.997222739 1.012445183 0.9958419063 1.04156276 1.018557015 1.074874706 0.997702588 1.066989233 0.9792258691 0.9994746341 1.03172891 1.048685049
25.98833333 1.024510939 1.026851135 1.073978265 1.060364238 0.9936926506 1.008644942 1.010674675 1.056006207 0.9961010215 1.015239204 0.994868099 1.042957619 1.019310875 1.077172364 0.9983489167 1.068491876 0.9808101385 1.002644364 1.032776728 1.051153678
26.09166667 1.026012255 1.029329671 1.073940566 1.060700399 0.9943568542 1.012400695 1.01045487 1.056601257 0.9940783172 1.017572687 0.9931690518 1.043257322 1.019718713 1.079242507 0.9991958538 1.069313325 0.9825434727 1.005385238 1.033402848 1.052236376
26.195 1.02688355 1.030832529 1.07353053 1.060292643 0.9953356623 1.015828383 1.009652355 1.055594698 0.9929910967 1.020311919 0.9919887834 1.042860518 1.020571026 1.080943151 0.9993292545 1.069719988 0.983784499 1.008046882 1.034401776 1.053770113
26.29833333 1.02840339 1.032088722 1.072928628 1.059785992 0.9966687026 1.019876013 1.008331186 1.054059818 0.9912521723 1.023836281 0.9903529011 1.043273244 1.020524794 1.081472824 0.9996003156 1.069127502 0.985212206 1.010407232 1.035355956 1.053572403
26.40166667 1.029298637 1.033137958 1.070844567 1.059188036 0.9974175301 1.022704705 1.008581078 1.053179641 0.9903476347 1.025894147 0.9898262576 1.043035587 1.02080845 1.081140609 0.9999834545 1.06895902 0.9866070833 1.012677673 1.035376574 1.054870637
26.505 1.029838289 1.034045779 1.068538568 1.057824881 0.9973766173 1.025130599 1.007093154 1.051036275 0.9889646298 1.027870895 0.9884384026 1.042175852 1.021071895 1.080885338 0.9993695442 1.067645864 0.987588827 1.014502209 1.035353733 1.054917792
26.60833333 1.030343302 1.034082167 1.066544181 1.05605933 0.9975052367 1.028181536 1.006396105 1.048635581 0.9879224661 1.030011443 0.9882773545 1.041908635 1.020286867 1.079542839 0.9996445037 1.066503248 0.9892069755 1.016439271 1.035097903 1.053813748
26.71166667 1.030659514 1.034937616 1.063700634 1.054749117 0.9983061075 1.031036648 1.006152927 1.046529816 0.9869781006 1.031668155 0.9875791227 1.040662805 1.019845698 1.078228097 0.9996733951 1.064756665 0.9909169481 1.018311911 1.034208181 1.053166066
26.815 1.03036411 1.035596238 1.060904215 1.05302908 0.9992462865 1.033586149 1.005564729 1.043893634 0.9859280588 1.033320875 0.9868639751 1.039178318 1.019555624 1.076367198 0.9988735525 1.063329803 0.9928568465 1.020259044 1.034139661 1.052325668
26.91833333 1.030666869 1.035624967 1.057216534 1.050157323 0.9994074994 1.034764232 1.004921722 1.041718309 0.9852397676 1.034604742 0.9860707325 1.037060996 1.018547115 1.073925755 0.9988079042 1.059972936 0.9939585529 1.021825549 1.033117348 1.051077818
27.02166667 1.030274117 1.034479136 1.05348694 1.047520696 1.000122504 1.036496944 1.00398986 1.038090633 0.9847972117 1.036398452 0.9861222394 1.035936268 1.017648916 1.071042603 0.9988727317 1.05715987 0.9956169742 1.022666721 1.032157515 1.04891501
27.125 1.030066383 1.035544441 1.048963352 1.045103355 1.000366537 1.038376314 1.003108907 1.035309239 0.9843767953 1.036794868 0.9863219368 1.034444438 1.017173285 1.067755996 0.9979847255 1.053525273 0.9970832438 1.023879735 1.030486838 1.047013041
27.22833333 1.02885701 1.034023929 1.045362783 1.042040822 1.000733954 1.039917052 1.002579408 1.032150718 0.9837892864 1.036901735 0.9862127674 1.032241373 1.015795137 1.064433744 0.9979969718 1.050954699 0.9984843889 1.024965949 1.029237269 1.045947552
27.33166667 1.027696243 1.032910521 1.041086042 1.038582152 1.001271666 1.04088058 1.00098721 1.028872044 0.9836872018 1.037345017 0.986390469 1.029835876 1.015442047 1.060167506 0.9988120823 1.046952721 0.9993788807 1.025648578 1.028061426 1.043459885
27.435 1.02728761 1.032256695 1.036305713 1.035184986 1.001277109 1.041254239 1.000647874 1.026357874 0.9834769582 1.037980269 0.9853102908 1.027161339 1.014013577 1.056478096 0.999077169 1.043547286 1.001189942 1.026385542 1.026416671 1.040182365
27.53833333 1.025865145 1.031030445 1.032121861 1.031662137 1.001322212 1.041435457 0.9996875648 1.022905344 0.9836977118 1.038041434 0.9850757041 1.024721115 1.013398046 1.051757392 0.9992531193 1.040307291 1.00231225 1.027162484 1.024018997 1.037481002
27.64166667 1.024567716 1.02968616 1.027359379 1.02799766 1.001652332 1.042119528 0.9987966746 1.019415708 0.9831774134 1.037194246 0.9848415383 1.022713554 1.011854948 1.048070266 0.999352642 1.035643262 1.003848585 1.02786322 1.022914787 1.034466279
27.745 1.023157423 1.028043733 1.022890767 1.024528403 1.001582351 1.042084601 0.9981311341 1.016029063 0.9834998041 1.036922098 0.9841388698 1.019624741 1.009926751 1.043195261 0.9994880169 1.032085226 1.005203008 1.027965592 1.020483516 1.031547396
27.84833333 1.021880834 1.026616529 1.018585072 1.021268494 1.001851609 1.041975786 0.9977517592 1.012497614 0.9838359964 1.036689448 0.9835037438 1.017008092 1.009064267 1.038251416 1.000387622 1.027611808 1.006550842 1.027829335 1.017818344 1.028696841
27.95166667 1.020072004 1.024837485 1.013492164 1.017077228 1.001847498 1.041441377 0.9976039158 1.008989297 0.9836754515 1.03542575 0.9827676959 1.01465724 1.008129031 1.033262164 1.000976913 1.023494215 1.007232262 1.027947478 1.016490116 1.025759608
28.055 1.018936402 1.023124428 1.008864806 1.01298631 1.0025654 1.040898906 0.997446904 1.005753269 0.9841205114 1.033919062 0.9824254298 1.012298725 1.006571921 1.027932506 1.001472224 1.019228224 1.008365466 1.027727887 1.014161029 1.022627544
28.15833333 1.016789467 1.020831289 1.004295789 1.009265317 1.002331615 1.039450687 0.9970940755 1.003279822 0.9841989883 1.033134149 0.9818474692 1.009525633 1.006167383 1.023848543 1.00250783 1.015002113 1.008926047 1.027216014 1.012027875 1.019061118
28.26166667 1.015563887 1.018794895 1.00038422 1.005661258 1.002736691 1.038868932 0.996721908 0.9997446031 0.9843086345 1.031724473 0.9813811842 1.006396074 1.004968396 1.019305653 1.003279686 1.011030573 1.009836925 1.027213433 1.010474756 1.015613455
28.365 1.013419212 1.016806076 0.9953559602 1.002293755 1.002563381 1.03777726 0.9969045236 0.9969182245 0.9849950508 1.029759891 0.9820531507 1.004450333 1.003076326 1.01405005 1.00415674 1.00711174 1.010426983 1.026080621 1.008499229 1.012725604
28.46833333 1.011067931 1.014520916 0.9914292842 0.9984093306 1.002038612 1.036026496 0.9967410181 0.9940461884 0.9856439648 1.028097875 0.9821979688 1.00218477 1.002592357 1.00933176 1.005128028 1.00293395 1.010948916 1.024939107 1.005683497 1.009109187
28.57166667 1.009153599 1.012770328 0.9873644766 0.995465827 1.00213455 1.034656556 0.9972275465 0.9917598603 0.9858718039 1.026420401 0.9828187218 0.9994578884 1.002643066 1.003811712 1.006326965 0.9995429575 1.011423867 1.024320261 1.002988174 1.005960713
28.675 1.008116516 1.010389055 0.9837699088 0.9921821858 1.002389889 1.032783689 0.9976573007 0.9896655636 0.9861397938 1.024174345 0.9835783798 0.9966224534 1.001683821 0.9991862792 1.007505657 0.9950631642 1.01248882 1.023494011 1.001400294 1.002676718
28.77833333 1.005405856 1.008050715 0.9800839973 0.9888511743 1.00261905 1.031136568 0.9978596101 0.9869546327 0.9866885971 1.021733491 0.9851662999 0.9952420107 1.001061793 0.9950076884 1.007990627 0.9915300709 1.013201433 1.022468238 0.9994593541 0.9996852827
28.88166667 1.00425358 1.005978861 0.9769480391 0.9853630023 1.002559381 1.028365942 0.9979994197 0.9847923379 0.9868053818 1.020087062 0.9868111781 0.9929052359 1.000351803 0.9907698928 1.008839233 0.9874175883 1.013495324 1.020851003 0.9976456511 0.9966736457
28.985 1.002503423 1.004116706 0.9731502185 0.9824214521 1.00356903 1.026706474 0.9978705913 0.982628119 0.987209479 1.018535063 0.98820599 0.9909437512 0.9999645327 0.9867893075 1.009554296 0.9849529006 1.014265297 1.019057511 0.99632989 0.9936539163
29.08833333 1.000554271 1.002469345 0.9706851349 0.9796159516 1.0033662 1.024695432 0.998449803 0.9813497806 0.9876008422 1.01573731 0.9898765787 0.9888642865 0.9989224318 0.9830338986 1.010302866 0.9808762349 1.01477195 1.018379047 0.9949316931 0.990484096
29.19166667 0.9993880675 1.000154083 0.9685984899 0.9773696925 1.002966665 1.02214552 0.9993264205 0.9793377598 0.9873218049 1.013344728 0.9919413945 0.9872427854 0.9984438798 0.9796477499 1.010972733 0.9775399828 1.014567119 1.016785551 0.9928698266 0.988555846
29.295 0.9984776643 0.9980660316 0.9661529795 0.9756570538 1.003642311 1.019619865 0.9998083701 0.9779045494 0.9879192874 1.011241087 0.993481357 0.9853773271 0.9976046476 0.9758643319 1.011331312 0.9748004077 1.0146327 1.01474128 0.991318346 0.9860685391
29.39833333 0.9966438383 0.9963440891 0.9634126539 0.973088401 1.003178698 1.017582585 0.9999420622 0.9764299988 0.987905586 1.008892329 0.9954809041 0.9840977563 0.9969635488 0.972566866 1.011345132 0.9718273797 1.014517383 1.013761514 0.99022942 0.9833142992
29.50166667 0.9947400664 0.9948928668 0.9612135372 0.9708970675 1.003144911 1.014579832 1.000176331 0.975255453 0.9881704659 1.006927568 0.9970373299 0.9829986194 0.9970678602 0.9695762674 1.011501937 0.9694662117 1.015152282 1.012536965 0.989228483 0.9814975168
29.605 0.9932037559 0.9926479867 0.9600079883 0.9688977565 1.002966407 1.011967337 0.9999954219 0.9745197568 0.9887828524 1.00462197 0.9988387262 0.9817286871 0.9966346657 0.966378195 1.011635763 0.9673942166 1.014885877 1.010309568 0.9879833532 0.9793353292
29.70833333 0.9921096729 0.9909679362 0.9584380275 0.967644365 1.003256973 1.009594365 1.000332759 0.9733811489 0.9898739483 1.002788604 1.000673803 0.9802878036 0.9962612414 0.9635106575 1.01189211 0.9655421556 1.014758516 1.008440928 0.9874692427 0.977065639
29.81166667 0.9910918799 0.9896220752 0.9573820419 0.9665433823 1.00335351 1.007266165 1.000033983 0.9728500029 0.9907853763 1.000227684 1.002237983 0.979252167 0.9953227976 0.9613841238 1.011315765 0.9642451241 1.014307581 1.007518607 0.9865127884 0.974897526
29.915 0.9896173046 0.9880120763 0.9574148738 0.9651856089 1.003307046 1.004568257 1.000445936 0.9720371134 0.9916243011 0.9978869948 1.003709132 0.9790271332 0.9946103907 0.9602846457 1.010845695 0.9622160578 1.013777215 1.005876784 0.9862064663 0.9737284618
30.01833333 0.9886716656 0.9866464193 0.9567538645 0.9643863726 1.003601765 1.001592753 1.00021645 0.9715882039 0.9920798457 0.9957875903 1.005146646 0.9787493788 0.9945788317 0.9583555537 1.010724314 0.9611445974 1.013689452 1.003795663 0.985605139 0.9725920898
30.12166667 0.9875026129 0.9854808959 0.9566859189 0.9637975142 1.003307343 0.9995289218 1.00010859 0.9709985569 0.9927441514 0.9938247221 1.006205082 0.9777571046 0.9937930885 0.9564063564 1.010732834 0.9601999297 1.013448132 1.002119324 0.9849773331 0.9722041032
30.225 0.9864797166 0.9842471193 0.956746692 0.9635132231 1.003251491 0.9969345007 0.9992165077 0.9711507795 0.9933946293 0.9920881692 1.007336932 0.9777616681 0.9944242761 0.9552118048 1.010378617 0.9594628879 1.012664216 1.000175435 0.9842863497 0.9713548651
30.32833333 0.9855893224 0.9832699111 0.956743656 0.9634877973 1.003109124 0.9949202549 0.9983132972 0.9716603681 0.9939395391 0.9908873486 1.008235478 0.9773150793 0.9943378365 0.9543653968 1.009906539 0.9593674415 1.011656646 0.9992702465 0.9842943634 0.9705402993
30.43166667 0.985176257 0.9827045045 0.9573431911 0.9634900008 1.003205787 0.9924924276 0.9985198641 0.9722318009 0.9944884723 0.9888254318 1.008908166 0.9773746895 0.9936206378 0.9538023921 1.009499414 0.9591504235 1.011078462 0.9985702713 0.9840158355 0.9699063559
30.535 0.984953828 0.9814935789 0.9573808186 0.9634380597 1.00332393 0.9902803321 0.9984862905 0.9727206734 0.9948598601 0.9870248053 1.010392443 0.9770877053 0.9933774938 0.953357475 1.009279042 0.9588547153 1.010142435 0.9966272916 0.9835485393 0.9697520641
30.63833333 0.9837781406 0.9806063462 0.9591472914 0.9642649285 1.003055852 0.9892446568 0.9987676441 0.9731891408 0.9959629208 0.9856269247 1.010491096 0.9774298598 0.9933784449 0.9528481207 1.008952647 0.9594844976 1.009587418 0.9954170237 0.9838519575 0.9695741531
30.74166667 0.9835559956 0.9802018221 0.9601394184 0.964896498 1.002377602 0.9873866036 0.9982654042 0.9741599164 0.9963280796 0.9843979238 1.011088291 0.9778174563 0.9929024939 0.9532547 1.008713699 0.9596882724 1.009255493 0.99379308 0.9837697702 0.9695957681
30.845 0.9832797857 0.9797957587 0.9614547276 0.9663642879 1.002421411 0.9847996371 0.9980856767 0.9751445135 0.9965707492 0.9831077583 1.011817866 0.9783777361 0.9925388574 0.95396376 1.007254977 0.961217317 1.008463111 0.9925059662 0.9837477069 0.9696884177
30.94833333 0.9835339499 0.9789234943 0.9633294404 0.9666865239 1.002347355 0.9828723931 0.9975980435 0.9757330303 0.9965257298 0.9817385627 1.011687281 0.9784917731 0.9916910888 0.9542642643 1.006608459 0.9623785587 1.007631644 0.9914206049 0.9835593066 0.9696347402
