0 -0.65702021747411E+03
5 -0.65702052779330E+03
10 -0.65702113024257E+03
15 -0.65702191735284E+03
20 -0.65702283590773E+03
25 -0.65702383706076E+03
30 -0.65702487175402E+03
35 -0.65702589129550E+03
40 -0.65702684614706E+03
45 -0.65702768404540E+03
50 -0.65702835364302E+03
55 -0.65702880767767E+03
60 -0.65702900931791E+03
65 -0.65702894353740E+03
70 -0.65702862628622E+03
75 -0.65702812384618E+03
80 -0.65702768584893E+03
85 -0.65702775480879E+03
90 -0.65702782845898E+03
95 -0.65702777036326E+03
100 -0.65702756082226E+03
105 -0.65702725588018E+03
110 -0.65702692954125E+03
115 -0.65702666413988E+03
120 -0.65702652449446E+03
125 -0.65702654608414E+03
130 -0.65702673384120E+03
135 -0.65702707090435E+03
140 -0.65702752284198E+03
145 -0.65702804584346E+03
150 -0.65702859104210E+03
155 -0.65702911214894E+03
160 -0.65702957317211E+03
165 -0.65702994875126E+03
170 -0.65703022361774E+03
175 -0.65703039198198E+03
180 -0.65703044888054E+03
185 -0.65703039198149E+03
190 -0.65703022361720E+03
195 -0.65702994875113E+03
200 -0.65702957317194E+03
205 -0.65702911214871E+03
210 -0.65702859104072E+03
215 -0.65702804584121E+03
220 -0.65702752284034E+03
225 -0.65702707090165E+03
230 -0.65702673383699E+03
235 -0.65702654608009E+03
240 -0.65702652449259E+03
245 -0.65702666414295E+03
250 -0.65702692954502E+03
255 -0.65702725588114E+03
260 -0.65702756082071E+03
265 -0.65702777036424E+03
270 -0.65702782845609E+03
275 -0.65702775480506E+03
280 -0.65702768585686E+03
285 -0.65702812384861E+03
290 -0.65702862628751E+03
295 -0.65702894353742E+03
300 -0.65702900931858E+03
305 -0.65702880767705E+03
310 -0.65702835364298E+03
315 -0.65702768403723E+03
320 -0.65702684614570E+03
325 -0.65702589129499E+03
330 -0.65702487175413E+03
335 -0.65702383705751E+03
340 -0.65702283589563E+03
345 -0.65702191735294E+03
350 -0.65702113024300E+03
355 -0.65702052779428E+03
360 -0.65702021747406E+03
