0 -0.69290122900278E+03
5 -0.69290132622802E+03
10 -0.69290160277528E+03
15 -0.69290202206956E+03
20 -0.69290253728926E+03
25 -0.69290309420942E+03
30 -0.69290364271219E+03
35 -0.69290413448759E+03
40 -0.69290453723578E+03
45 -0.69290483223450E+03
50 -0.69290502378099E+03
55 -0.69290513099968E+03
60 -0.69290516788030E+03
65 -0.69290513859674E+03
70 -0.69290503611343E+03
75 -0.69290484604833E+03
80 -0.69290455077109E+03
85 -0.69290414667956E+03
90 -0.69290365399492E+03
95 -0.69290310753538E+03
100 -0.69290255330236E+03
105 -0.69290203924131E+03
110 -0.69290161644992E+03
115 -0.69290133338302E+03
120 -0.69290122852714E+03
125 -0.69290131733696E+03
130 -0.69290158769282E+03
135 -0.69290200335427E+03
140 -0.69290251575805E+03
145 -0.69290307144764E+03
150 -0.69290362099291E+03
155 -0.69290411679612E+03
160 -0.69290452511986E+03
165 -0.69290482732629E+03
170 -0.69290502460898E+03
175 -0.69290513257621E+03
180 -0.69290516673495E+03
185 -0.69290513257680E+03
190 -0.69290502460795E+03
195 -0.69290482732836E+03
200 -0.69290455077109E+03
205 -0.69290411679642E+03
210 -0.69290362099150E+03
215 -0.69290307144558E+03
220 -0.69290251575824E+03
225 -0.69290200335440E+03
230 -0.69290158769543E+03
235 -0.69290131733374E+03
240 -0.69290122852510E+03
245 -0.69290133338228E+03
250 -0.69290161644822E+03
255 -0.69290203923963E+03
260 -0.69290255330328E+03
265 -0.69290310753327E+03
270 -0.69290365399352E+03
275 -0.69290414667855E+03
280 -0.69290455077234E+03
285 -0.69290484605011E+03
290 -0.69290503611747E+03
295 -0.69290513859880E+03
300 -0.69290516788101E+03
305 -0.69290513100050E+03
310 -0.69290502378265E+03
315 -0.69290483223275E+03
320 -0.69290453723280E+03
325 -0.69290413448589E+03
330 -0.69290364271145E+03
335 -0.69290309420175E+03
340 -0.69290253728877E+03
345 -0.69290202206845E+03
350 -0.69290160277077E+03
355 -0.69290132622633E+03
360 -0.69290122900280E+03
