0 -0.65702193125852E+03
5 -0.65702209237284E+03
10 -0.65702255520185E+03
15 -0.65702326512403E+03
20 -0.65702415343455E+03
25 -0.65702514852793E+03
30 -0.65702617926027E+03
35 -0.65702717741357E+03
40 -0.65702808049132E+03
45 -0.65702883536563E+03
50 -0.65702940392122E+03
55 -0.65702976938410E+03
60 -0.65702993985843E+03
65 -0.65702994563428E+03
70 -0.65702982023664E+03
75 -0.65702958075000E+03
80 -0.65702922008151E+03
85 -0.65702872450259E+03
90 -0.65702810650206E+03
95 -0.65702741537868E+03
100 -0.65702672108663E+03
105 -0.65702609335658E+03
110 -0.65702559225355E+03
115 -0.65702526498340E+03
120 -0.65702514025030E+03
125 -0.65702522748345E+03
130 -0.65702551742438E+03
135 -0.65702598248059E+03
140 -0.65702658007646E+03
145 -0.65702725869186E+03
150 -0.65702796361866E+03
155 -0.65702864313043E+03
160 -0.65702925317881E+03
165 -0.65702975905282E+03
170 -0.65703013682761E+03
175 -0.65703036999873E+03
180 -0.65703044887970E+03
185 -0.65703036999826E+03
190 -0.65703013682811E+03
195 -0.65702975905477E+03
200 -0.65702925317880E+03
205 -0.65702864313043E+03
210 -0.65702796361916E+03
215 -0.65702725869125E+03
220 -0.65702658007619E+03
225 -0.65702598248012E+03
230 -0.65702551742329E+03
235 -0.65702522748348E+03
240 -0.65702514024907E+03
245 -0.65702526498411E+03
250 -0.65702559225584E+03
255 -0.65702609335671E+03
260 -0.65702672108716E+03
265 -0.65702741538015E+03
270 -0.65702810650197E+03
275 -0.65702872450054E+03
280 -0.65702922008108E+03
285 -0.65702958075190E+03
290 -0.65702982023752E+03
295 -0.65702994563442E+03
300 -0.65702993985770E+03
305 -0.65702976938368E+03
310 -0.65702940392225E+03
315 -0.65702883536675E+03
320 -0.65702808049127E+03
325 -0.65702717741361E+03
330 -0.65702617926060E+03
335 -0.65702514852782E+03
340 -0.65702415343628E+03
345 -0.65702326512476E+03
350 -0.65702255520294E+03
355 -0.65702209237167E+03
360 -0.65702193125855E+03
