0 -0.69289631015844E+03
5 -0.69289642691757E+03
10 -0.69289676173650E+03
15 -0.69289727164592E+03
20 -0.69289791455839E+03
25 -0.69289864796600E+03
30 -0.69289943247123E+03
35 -0.69290022760134E+03
40 -0.69290099170373E+03
45 -0.69290168538682E+03
50 -0.69290227273798E+03
55 -0.69290272694205E+03
60 -0.69290303670987E+03
65 -0.69290320631303E+03
70 -0.69290325719996E+03
75 -0.69290321877648E+03
80 -0.69290311523778E+03
85 -0.69290294974697E+03
90 -0.69290271891655E+03
95 -0.69290243008091E+03
100 -0.69290211796164E+03
105 -0.69290182355252E+03
110 -0.69290158796780E+03
115 -0.69290144139065E+03
120 -0.69290140457098E+03
125 -0.69290148843008E+03
130 -0.69290169149900E+03
135 -0.69290200200161E+03
140 -0.69290239947195E+03
145 -0.69290285659495E+03
150 -0.69290334073337E+03
155 -0.69290381906721E+03
160 -0.69290426134236E+03
165 -0.69290463780014E+03
170 -0.69290492512423E+03
175 -0.69290510535199E+03
180 -0.69290516673074E+03
185 -0.69290510535051E+03
190 -0.69290492512194E+03
195 -0.69290463779761E+03
200 -0.69290426134208E+03
205 -0.69290381906249E+03
210 -0.69290334072197E+03
215 -0.69290285659712E+03
220 -0.69290239946951E+03
225 -0.69290200200212E+03
230 -0.69290169149816E+03
235 -0.69290148842941E+03
240 -0.69290140456960E+03
245 -0.69290144139072E+03
250 -0.69290158796657E+03
255 -0.69290182355191E+03
260 -0.69290211796048E+03
265 -0.69290243008190E+03
270 -0.69290271891434E+03
275 -0.69290294974616E+03
280 -0.69290311524169E+03
285 -0.69290321877544E+03
290 -0.69290325719886E+03
295 -0.69290320631324E+03
300 -0.69290303670957E+03
305 -0.69290272694070E+03
310 -0.69290227273819E+03
315 -0.69290168538589E+03
320 -0.69290099170222E+03
325 -0.69290022760443E+03
330 -0.69289943246053E+03
335 -0.69289864796309E+03
340 -0.69289791455775E+03
345 -0.69289727164380E+03
350 -0.69289676174116E+03
355 -0.69289642691326E+03
360 -0.69289631015845E+03
