0 -0.65702170056187E+03
5 -0.65702186225283E+03
10 -0.65702232359481E+03
15 -0.65702302718742E+03
20 -0.65702390491669E+03
25 -0.65702488504108E+03
30 -0.65702589747677E+03
35 -0.65702687767569E+03
40 -0.65702776648056E+03
45 -0.65702851423260E+03
50 -0.65702908675387E+03
55 -0.65702946886225E+03
60 -0.65702966472505E+03
65 -0.65702969530011E+03
70 -0.65702958634128E+03
75 -0.65702935250646E+03
80 -0.65702899270608E+03
85 -0.65702850643904E+03
90 -0.65702791484108E+03
95 -0.65702726283821E+03
100 -0.65702661110477E+03
105 -0.65702602424655E+03
110 -0.65702555892768E+03
115 -0.65702525943960E+03
120 -0.65702515330928E+03
125 -0.65702525062745E+03
130 -0.65702554254082E+03
135 -0.65702600336253E+03
140 -0.65702659300579E+03
145 -0.65702726276423E+03
150 -0.65702795998187E+03
155 -0.65702863446007E+03
160 -0.65702924314532E+03
165 -0.65702975116035E+03
170 -0.65703013236914E+03
175 -0.65703036881100E+03
180 -0.65703044887978E+03
185 -0.65703036880965E+03
190 -0.65703013236880E+03
195 -0.65702975116014E+03
200 -0.65702924314342E+03
205 -0.65702863445887E+03
210 -0.65702795997950E+03
215 -0.65702726276072E+03
220 -0.65702659300848E+03
225 -0.65702600336083E+03
230 -0.65702554253686E+03
235 -0.65702525062624E+03
240 -0.65702515331358E+03
245 -0.65702525943756E+03
250 -0.65702555892614E+03
255 -0.65702602424667E+03
260 -0.65702661110589E+03
265 -0.65702726283847E+03
270 -0.65702791484223E+03
275 -0.65702850643756E+03
280 -0.65702899270684E+03
285 -0.65702935250719E+03
290 -0.65702958634294E+03
295 -0.65702969529901E+03
300 -0.65702966472666E+03
305 -0.65702946886055E+03
310 -0.65702908675366E+03
315 -0.65702851423110E+03
320 -0.65702776648455E+03
325 -0.65702687767723E+03
330 -0.65702589747633E+03
335 -0.65702488504012E+03
340 -0.65702390491760E+03
345 -0.65702302719130E+03
350 -0.65702232359260E+03
355 -0.65702186225341E+03
360 -0.65702170056188E+03
