0 -0.69289205072451E+03
5 -0.69289218611430E+03
10 -0.69289257600369E+03
15 -0.69289318690648E+03
20 -0.69289398090174E+03
25 -0.69289491856544E+03
30 -0.69289595672600E+03
35 -0.69289704657407E+03
40 -0.69289813452909E+03
45 -0.69289916413099E+03
50 -0.69290008169079E+03
55 -0.69290084290592E+03
60 -0.69290142207202E+03
65 -0.69290181640925E+03
70 -0.69290204951994E+03
75 -0.69290216151573E+03
80 -0.69290219252140E+03
85 -0.69290215720540E+03
90 -0.69290204717067E+03
95 -0.69290186378992E+03
100 -0.69290164056440E+03
105 -0.69290142060910E+03
110 -0.69290124995145E+03
115 -0.69290116441567E+03
120 -0.69290118670645E+03
125 -0.69290132697381E+03
130 -0.69290158286910E+03
135 -0.69290194084522E+03
140 -0.69290237812747E+03
145 -0.69290286455224E+03
150 -0.69290336690330E+03
155 -0.69290385262847E+03
160 -0.69290429206926E+03
165 -0.69290465995197E+03
170 -0.69290493648055E+03
175 -0.69290510812366E+03
180 -0.69290516672859E+03
185 -0.69290510812505E+03
190 -0.69290493648552E+03
195 -0.69290465994850E+03
200 -0.69290429206931E+03
205 -0.69290385262845E+03
210 -0.69290336690646E+03
215 -0.69290286455309E+03
220 -0.69290237812348E+03
225 -0.69290194084689E+03
230 -0.69290158287040E+03
235 -0.69290132697912E+03
240 -0.69290118670868E+03
245 -0.69290116441638E+03
250 -0.69290124995133E+03
255 -0.69290142060637E+03
260 -0.69290164056412E+03
265 -0.69290186379541E+03
270 -0.69290204717254E+03
275 -0.69290215720728E+03
280 -0.69290219251905E+03
285 -0.69290216151758E+03
290 -0.69290204952132E+03
295 -0.69290181641112E+03
300 -0.69290142207263E+03
305 -0.69290084290611E+03
310 -0.69290008169100E+03
315 -0.69289916413156E+03
320 -0.69289813452976E+03
325 -0.69289704657486E+03
330 -0.69289595672844E+03
335 -0.69289491856875E+03
340 -0.69289398090470E+03
345 -0.69289318690814E+03
350 -0.69289257600424E+03
355 -0.69289218611310E+03
360 -0.69289205072450E+03
