0 -0.65702595235195E+03
5 -0.65702605703699E+03
10 -0.65702635796212E+03
15 -0.65702681903047E+03
20 -0.65702738984718E+03
25 -0.65702801390066E+03
30 -0.65702863492163E+03
35 -0.65702920178168E+03
40 -0.65702967388927E+03
45 -0.65703003111537E+03
50 -0.65703027016695E+03
55 -0.65703040415219E+03
60 -0.65703044763815E+03
65 -0.65703040612643E+03
70 -0.65703027078192E+03
75 -0.65703002695328E+03
80 -0.65702966151219E+03
85 -0.65702918239560E+03
90 -0.65702861472008E+03
95 -0.65702799874110E+03
100 -0.65702738406633E+03
105 -0.65702682240611E+03
110 -0.65702636607306E+03
115 -0.65702606349215E+03
120 -0.65702595273043E+03
125 -0.65702604875620E+03
130 -0.65702633979527E+03
135 -0.65702679117698E+03
140 -0.65702735337189E+03
145 -0.65702797193461E+03
150 -0.65702859247689E+03
155 -0.65702916486122E+03
160 -0.65702964609112E+03
165 -0.65703001399820E+03
170 -0.65703026342560E+03
175 -0.65703040368334E+03
180 -0.65703044887857E+03
185 -0.65703040368316E+03
190 -0.65703026342528E+03
195 -0.65703001399801E+03
200 -0.65702964609262E+03
205 -0.65702916486255E+03
210 -0.65702859247579E+03
215 -0.65702797193490E+03
220 -0.65702735337198E+03
225 -0.65702679117756E+03
230 -0.65702633979521E+03
235 -0.65702604875559E+03
240 -0.65702595273266E+03
245 -0.65702606348960E+03
250 -0.65702636607298E+03
255 -0.65702682240621E+03
260 -0.65702738406685E+03
265 -0.65702799874097E+03
270 -0.65702861472108E+03
275 -0.65702918239533E+03
280 -0.65702966151437E+03
285 -0.65703002695390E+03
290 -0.65703027078126E+03
295 -0.65703040612638E+03
300 -0.65703044763950E+03
305 -0.65703040415256E+03
310 -0.65703027016884E+03
315 -0.65703003111301E+03
320 -0.65702967388712E+03
325 -0.65702920178029E+03
330 -0.65702863492095E+03
335 -0.65702801390222E+03
340 -0.65702738984791E+03
345 -0.65702681903156E+03
350 -0.65702635796339E+03
355 -0.65702605703823E+03
360 -0.65702595235193E+03
