0 -0.69291115700614E+03
5 -0.69291125170817E+03
10 -0.69291152847482E+03
15 -0.69291196680153E+03
20 -0.69291253138121E+03
25 -0.69291317460997E+03
30 -0.69291383598073E+03
35 -0.69291444737827E+03
40 -0.69291493092982E+03
45 -0.69291520916149E+03
50 -0.69291521296111E+03
55 -0.69291488929990E+03
60 -0.69291421588552E+03
65 -0.69291323589680E+03
70 -0.69291213839867E+03
75 -0.69291109786801E+03
80 -0.69291018921900E+03
85 -0.69290937691445E+03
90 -0.69290846362444E+03
95 -0.69290742335622E+03
100 -0.69290634086966E+03
105 -0.69290530231738E+03
110 -0.69290438188566E+03
115 -0.69290363894777E+03
120 -0.69290311214928E+03
125 -0.69290281376408E+03
130 -0.69290273228271E+03
135 -0.69290283791402E+03
140 -0.69290308736643E+03
145 -0.69290342943787E+03
150 -0.69290381447710E+03
155 -0.69290419564282E+03
160 -0.69290453543503E+03
165 -0.69290481019255E+03
170 -0.69290500793618E+03
175 -0.69290512687297E+03
180 -0.69290516673114E+03
185 -0.69290512687290E+03
190 -0.69290500793519E+03
195 -0.69290481019133E+03
200 -0.69290453543488E+03
205 -0.69290419564314E+03
210 -0.69290381447760E+03
215 -0.69290342943759E+03
220 -0.69290308736628E+03
225 -0.69290283791289E+03
230 -0.69290273227991E+03
235 -0.69290281376128E+03
240 -0.69290311214920E+03
245 -0.69290363895109E+03
250 -0.69290438189037E+03
255 -0.69290530232927E+03
260 -0.69290634086331E+03
265 -0.69290742335421E+03
270 -0.69290846362952E+03
275 -0.69290937691445E+03
280 -0.69291018922294E+03
285 -0.69291109786773E+03
290 -0.69291213839831E+03
295 -0.69291323589502E+03
300 -0.69291421588619E+03
305 -0.69291488929879E+03
310 -0.69291521296070E+03
315 -0.69291520916041E+03
320 -0.69291493092794E+03
325 -0.69291444737716E+03
330 -0.69291383598014E+03
335 -0.69291317460953E+03
340 -0.69291253138142E+03
345 -0.69291196680732E+03
350 -0.69291152847454E+03
355 -0.69291125170863E+03
360 -0.69291115700612E+03
